Stucture reference data file ALU.DAT - gm1213
Written at 12/08/2008 on 14:29

 Cell types 2

     Cell Type Outline  (4)

           1.1E+04   11436.7    5.0E+06   5041860.3   506.0   547.0
           2.8E+02   284.8    7.3E+03    7330.6   462.0   449.0
           7.2E+03   7183.5    1.6E+05   162714.3   503.0   278.0
           1.5E+03   1462.0    9.0E+05   895529.6   756.0   347.0

     Mean 5092   5091.8   1526859   1526858.7   557   405

     Cell Type Rhodamine  (218)

           0.0E+00     0.0    0.0E+00       0.0   463.0   328.0
           0.0E+00     0.0    0.0E+00       0.0   461.0   322.0
           0.0E+00     0.0    0.0E+00       0.0   467.0   319.0
           0.0E+00     0.0    0.0E+00       0.0   456.0   317.0
           0.0E+00     0.0    0.0E+00       0.0   473.0   325.0
           0.0E+00     0.0    0.0E+00       0.0   476.0   327.0
           0.0E+00     0.0    0.0E+00       0.0   482.0   321.0
           0.0E+00     0.0    0.0E+00       0.0   471.0   330.0
           0.0E+00     0.0    0.0E+00       0.0   543.0   343.0
           0.0E+00     0.0    0.0E+00       0.0   539.0   340.0
           0.0E+00     0.0    0.0E+00       0.0   541.0   337.0
           0.0E+00     0.0    0.0E+00       0.0   538.0   334.0
           0.0E+00     0.0    0.0E+00       0.0   538.0   332.0
           0.0E+00     0.0    0.0E+00       0.0   542.0   329.0
           0.0E+00     0.0    0.0E+00       0.0   547.0   334.0
           0.0E+00     0.0    0.0E+00       0.0   546.0   323.0
           0.0E+00     0.0    0.0E+00       0.0   539.0   325.0
           0.0E+00     0.0    0.0E+00       0.0   539.0   321.0
           0.0E+00     0.0    0.0E+00       0.0   533.0   319.0
           0.0E+00     0.0    0.0E+00       0.0   532.0   324.0
           0.0E+00     0.0    0.0E+00       0.0   529.0   328.0
           0.0E+00     0.0    0.0E+00       0.0   532.0   334.0
           0.0E+00     0.0    0.0E+00       0.0   532.0   343.0
           0.0E+00     0.0    0.0E+00       0.0   532.0   346.0
           0.0E+00     0.0    0.0E+00       0.0   532.0   349.0
           0.0E+00     0.0    0.0E+00       0.0   529.0   346.0
           0.0E+00     0.0    0.0E+00       0.0   524.0   343.0
           0.0E+00     0.0    0.0E+00       0.0   520.0   342.0
           0.0E+00     0.0    0.0E+00       0.0   521.0   347.0
           0.0E+00     0.0    0.0E+00       0.0   517.0   347.0
           0.0E+00     0.0    0.0E+00       0.0   519.0   336.0
           0.0E+00     0.0    0.0E+00       0.0   525.0   333.0
           0.0E+00     0.0    0.0E+00       0.0   528.0   335.0
           0.0E+00     0.0    0.0E+00       0.0   522.0   329.0
           0.0E+00     0.0    0.0E+00       0.0   523.0   326.0
           0.0E+00     0.0    0.0E+00       0.0   524.0   324.0
           0.0E+00     0.0    0.0E+00       0.0   524.0   323.0
           0.0E+00     0.0    0.0E+00       0.0   519.0   321.0
           0.0E+00     0.0    0.0E+00       0.0   519.0   327.0
           0.0E+00     0.0    0.0E+00       0.0   517.0   333.0
           0.0E+00     0.0    0.0E+00       0.0   524.0   318.0
           0.0E+00     0.0    0.0E+00       0.0   525.0   321.0
           0.0E+00     0.0    0.0E+00       0.0   599.0   345.0
           0.0E+00     0.0    0.0E+00       0.0   607.0   344.0
           0.0E+00     0.0    0.0E+00       0.0   600.0   342.0
           0.0E+00     0.0    0.0E+00       0.0   602.0   342.0
           0.0E+00     0.0    0.0E+00       0.0   606.0   341.0
           0.0E+00     0.0    0.0E+00       0.0   608.0   341.0
           0.0E+00     0.0    0.0E+00       0.0   606.0   338.0
           0.0E+00     0.0    0.0E+00       0.0   604.0   338.0
           0.0E+00     0.0    0.0E+00       0.0   605.0   336.0
           0.0E+00     0.0    0.0E+00       0.0   610.0   334.0
           0.0E+00     0.0    0.0E+00       0.0   604.0   334.0
           0.0E+00     0.0    0.0E+00       0.0   607.0   332.0
           0.0E+00     0.0    0.0E+00       0.0   604.0   330.0
           0.0E+00     0.0    0.0E+00       0.0   599.0   332.0
           0.0E+00     0.0    0.0E+00       0.0   595.0   333.0
           0.0E+00     0.0    0.0E+00       0.0   592.0   334.0
           0.0E+00     0.0    0.0E+00       0.0   595.0   336.0
           0.0E+00     0.0    0.0E+00       0.0   595.0   343.0
           0.0E+00     0.0    0.0E+00       0.0   590.0   347.0
           0.0E+00     0.0    0.0E+00       0.0   584.0   345.0
           0.0E+00     0.0    0.0E+00       0.0   581.0   341.0
           0.0E+00     0.0    0.0E+00       0.0   582.0   338.0
           0.0E+00     0.0    0.0E+00       0.0   582.0   334.0
           0.0E+00     0.0    0.0E+00       0.0   586.0   332.0
           0.0E+00     0.0    0.0E+00       0.0   590.0   327.0
           0.0E+00     0.0    0.0E+00       0.0   593.0   328.0
           0.0E+00     0.0    0.0E+00       0.0   595.0   325.0
           0.0E+00     0.0    0.0E+00       0.0   590.0   320.0
           0.0E+00     0.0    0.0E+00       0.0   587.0   324.0
           0.0E+00     0.0    0.0E+00       0.0   587.0   320.0
           0.0E+00     0.0    0.0E+00       0.0   584.0   319.0
           0.0E+00     0.0    0.0E+00       0.0   598.0   320.0
           0.0E+00     0.0    0.0E+00       0.0   597.0   317.0
           0.0E+00     0.0    0.0E+00       0.0   600.0   317.0
           0.0E+00     0.0    0.0E+00       0.0   608.0   320.0
           0.0E+00     0.0    0.0E+00       0.0   611.0   321.0
           0.0E+00     0.0    0.0E+00       0.0   611.0   325.0
           0.0E+00     0.0    0.0E+00       0.0   609.0   324.0
           0.0E+00     0.0    0.0E+00       0.0   606.0   324.0
           0.0E+00     0.0    0.0E+00       0.0   605.0   326.0
           0.0E+00     0.0    0.0E+00       0.0   608.0   328.0
           0.0E+00     0.0    0.0E+00       0.0   588.0   338.0
           0.0E+00     0.0    0.0E+00       0.0   671.0   346.0
           0.0E+00     0.0    0.0E+00       0.0   667.0   346.0
           0.0E+00     0.0    0.0E+00       0.0   667.0   349.0
           0.0E+00     0.0    0.0E+00       0.0   665.0   348.0
           0.0E+00     0.0    0.0E+00       0.0   661.0   345.0
           0.0E+00     0.0    0.0E+00       0.0   659.0   347.0
           0.0E+00     0.0    0.0E+00       0.0   655.0   344.0
           0.0E+00     0.0    0.0E+00       0.0   653.0   346.0
           0.0E+00     0.0    0.0E+00       0.0   649.0   346.0
           0.0E+00     0.0    0.0E+00       0.0   649.0   347.0
           0.0E+00     0.0    0.0E+00       0.0   652.0   342.0
           0.0E+00     0.0    0.0E+00       0.0   646.0   340.0
           0.0E+00     0.0    0.0E+00       0.0   644.0   342.0
           0.0E+00     0.0    0.0E+00       0.0   644.0   346.0
           0.0E+00     0.0    0.0E+00       0.0   645.0   339.0
           0.0E+00     0.0    0.0E+00       0.0   650.0   338.0
           0.0E+00     0.0    0.0E+00       0.0   650.0   336.0
           0.0E+00     0.0    0.0E+00       0.0   657.0   338.0
           0.0E+00     0.0    0.0E+00       0.0   654.0   333.0
           0.0E+00     0.0    0.0E+00       0.0   652.0   330.0
           0.0E+00     0.0    0.0E+00       0.0   650.0   326.0
           0.0E+00     0.0    0.0E+00       0.0   655.0   321.0
           0.0E+00     0.0    0.0E+00       0.0   650.0   318.0
           0.0E+00     0.0    0.0E+00       0.0   660.0   327.0
           0.0E+00     0.0    0.0E+00       0.0   662.0   320.0
           0.0E+00     0.0    0.0E+00       0.0   664.0   318.0
           0.0E+00     0.0    0.0E+00       0.0   669.0   320.0
           0.0E+00     0.0    0.0E+00       0.0   668.0   326.0
           0.0E+00     0.0    0.0E+00       0.0   670.0   325.0
           0.0E+00     0.0    0.0E+00       0.0   674.0   324.0
           0.0E+00     0.0    0.0E+00       0.0   675.0   319.0
           0.0E+00     0.0    0.0E+00       0.0   674.0   333.0
           0.0E+00     0.0    0.0E+00       0.0   665.0   333.0
           0.0E+00     0.0    0.0E+00       0.0   662.0   334.0
           0.0E+00     0.0    0.0E+00       0.0   662.0   330.0
           0.0E+00     0.0    0.0E+00       0.0   661.0   331.0
           0.0E+00     0.0    0.0E+00       0.0   664.0   335.0
           0.0E+00     0.0    0.0E+00       0.0   664.0   339.0
           0.0E+00     0.0    0.0E+00       0.0   669.0   342.0
           0.0E+00     0.0    0.0E+00       0.0   674.0   343.0
           0.0E+00     0.0    0.0E+00       0.0   738.0   335.0
           0.0E+00     0.0    0.0E+00       0.0   734.0   335.0
           0.0E+00     0.0    0.0E+00       0.0   732.0   338.0
           0.0E+00     0.0    0.0E+00       0.0   738.0   323.0
           0.0E+00     0.0    0.0E+00       0.0   717.0   335.0
           0.0E+00     0.0    0.0E+00       0.0   717.0   340.0
           0.0E+00     0.0    0.0E+00       0.0   714.0   348.0
           0.0E+00     0.0    0.0E+00       0.0   710.0   348.0
           0.0E+00     0.0    0.0E+00       0.0   708.0   342.0
           0.0E+00     0.0    0.0E+00       0.0   709.0   344.0
           0.0E+00     0.0    0.0E+00       0.0   724.0   346.0
           0.0E+00     0.0    0.0E+00       0.0   718.0   324.0
           0.0E+00     0.0    0.0E+00       0.0   722.0   324.0
           0.0E+00     0.0    0.0E+00       0.0   723.0   328.0
           0.0E+00     0.0    0.0E+00       0.0   717.0   330.0
           0.0E+00     0.0    0.0E+00       0.0   708.0   327.0
           0.0E+00     0.0    0.0E+00       0.0   714.0   326.0
           0.0E+00     0.0    0.0E+00       0.0   727.0   344.0
           0.0E+00     0.0    0.0E+00       0.0   604.0   282.0
           0.0E+00     0.0    0.0E+00       0.0   599.0   285.0
           0.0E+00     0.0    0.0E+00       0.0   597.0   275.0
           0.0E+00     0.0    0.0E+00       0.0   605.0   273.0
           0.0E+00     0.0    0.0E+00       0.0   604.0   268.0
           0.0E+00     0.0    0.0E+00       0.0   596.0   266.0
           0.0E+00     0.0    0.0E+00       0.0   593.0   275.0
           0.0E+00     0.0    0.0E+00       0.0   588.0   271.0
           0.0E+00     0.0    0.0E+00       0.0   582.0   280.0
           0.0E+00     0.0    0.0E+00       0.0   581.0   282.0
           0.0E+00     0.0    0.0E+00       0.0   582.0   266.0
           0.0E+00     0.0    0.0E+00       0.0   587.0   267.0
           0.0E+00     0.0    0.0E+00       0.0   591.0   264.0
           0.0E+00     0.0    0.0E+00       0.0   591.0   258.0
           0.0E+00     0.0    0.0E+00       0.0   582.0   255.0
           0.0E+00     0.0    0.0E+00       0.0   580.0   259.0
           0.0E+00     0.0    0.0E+00       0.0   609.0   257.0
           0.0E+00     0.0    0.0E+00       0.0   605.0   258.0
           0.0E+00     0.0    0.0E+00       0.0   602.0   270.0
           0.0E+00     0.0    0.0E+00       0.0   605.0   279.0
           0.0E+00     0.0    0.0E+00       0.0   598.0   281.0
           0.0E+00     0.0    0.0E+00       0.0   529.0   258.0
           0.0E+00     0.0    0.0E+00       0.0   531.0   257.0
           0.0E+00     0.0    0.0E+00       0.0   531.0   262.0
           0.0E+00     0.0    0.0E+00       0.0   527.0   262.0
           0.0E+00     0.0    0.0E+00       0.0   524.0   264.0
           0.0E+00     0.0    0.0E+00       0.0   526.0   270.0
           0.0E+00     0.0    0.0E+00       0.0   520.0   273.0
           0.0E+00     0.0    0.0E+00       0.0   520.0   276.0
           0.0E+00     0.0    0.0E+00       0.0   522.0   280.0
           0.0E+00     0.0    0.0E+00       0.0   526.0   278.0
           0.0E+00     0.0    0.0E+00       0.0   525.0   281.0
           0.0E+00     0.0    0.0E+00       0.0   527.0   284.0
           0.0E+00     0.0    0.0E+00       0.0   538.0   270.0
           0.0E+00     0.0    0.0E+00       0.0   537.0   269.0
           0.0E+00     0.0    0.0E+00       0.0   542.0   275.0
           0.0E+00     0.0    0.0E+00       0.0   544.0   271.0
           0.0E+00     0.0    0.0E+00       0.0   543.0   266.0
           0.0E+00     0.0    0.0E+00       0.0   541.0   261.0
           0.0E+00     0.0    0.0E+00       0.0   547.0   256.0
           0.0E+00     0.0    0.0E+00       0.0   543.0   253.0
           0.0E+00     0.0    0.0E+00       0.0   538.0   253.0
           0.0E+00     0.0    0.0E+00       0.0   539.0   256.0
           0.0E+00     0.0    0.0E+00       0.0   540.0   285.0
           0.0E+00     0.0    0.0E+00       0.0   545.0   275.0
           0.0E+00     0.0    0.0E+00       0.0   545.0   283.0
           0.0E+00     0.0    0.0E+00       0.0   477.0   283.0
           0.0E+00     0.0    0.0E+00       0.0   484.0   275.0
           0.0E+00     0.0    0.0E+00       0.0   477.0   266.0
           0.0E+00     0.0    0.0E+00       0.0   453.0   284.0
           0.0E+00     0.0    0.0E+00       0.0   475.0   283.0
           0.0E+00     0.0    0.0E+00       0.0   482.0   259.0
           0.0E+00     0.0    0.0E+00       0.0   466.0   258.0
           0.0E+00     0.0    0.0E+00       0.0   464.0   269.0
           0.0E+00     0.0    0.0E+00       0.0   473.0   280.0
           0.0E+00     0.0    0.0E+00       0.0   460.0   266.0
           0.0E+00     0.0    0.0E+00       0.0   456.0   283.0
           0.0E+00     0.0    0.0E+00       0.0   476.0   255.0
           0.0E+00     0.0    0.0E+00       0.0   483.0   254.0
           0.0E+00     0.0    0.0E+00       0.0   463.0   254.0
           0.0E+00     0.0    0.0E+00       0.0   413.0   280.0
           0.0E+00     0.0    0.0E+00       0.0   406.0   274.0
           0.0E+00     0.0    0.0E+00       0.0   409.0   255.0
           0.0E+00     0.0    0.0E+00       0.0   416.0   258.0
           0.0E+00     0.0    0.0E+00       0.0   390.0   258.0
           0.0E+00     0.0    0.0E+00       0.0   392.0   276.0
           0.0E+00     0.0    0.0E+00       0.0   389.0   273.0
           0.0E+00     0.0    0.0E+00       0.0   390.0   285.0
           0.0E+00     0.0    0.0E+00       0.0   417.0   282.0
           0.0E+00     0.0    0.0E+00       0.0   338.0   284.0
           0.0E+00     0.0    0.0E+00       0.0   330.0   274.0
           0.0E+00     0.0    0.0E+00       0.0   325.0   282.0
           0.0E+00     0.0    0.0E+00       0.0   334.0   263.0
           0.0E+00     0.0    0.0E+00       0.0   347.0   266.0
           0.0E+00     0.0    0.0E+00       0.0   344.0   255.0
           0.0E+00     0.0    0.0E+00       0.0   347.0   283.0

     Mean    0     0.0        0       0.0   572   311

     Cell Type Fluoroscein  (297)

           0.0E+00     0.0    0.0E+00       0.0   345.0   661.0
           0.0E+00     0.0    0.0E+00       0.0   332.0   643.0
           0.0E+00     0.0    0.0E+00       0.0   346.0   645.0
           0.0E+00     0.0    0.0E+00       0.0   412.0   648.0
           0.0E+00     0.0    0.0E+00       0.0   389.0   659.0
           0.0E+00     0.0    0.0E+00       0.0   604.0   580.0
           0.0E+00     0.0    0.0E+00       0.0   402.0   600.0
           0.0E+00     0.0    0.0E+00       0.0   397.0   584.0
           0.0E+00     0.0    0.0E+00       0.0   417.0   578.0
           0.0E+00     0.0    0.0E+00       0.0   405.0   588.0
           0.0E+00     0.0    0.0E+00       0.0   389.0   582.0
           0.0E+00     0.0    0.0E+00       0.0   348.0   576.0
           0.0E+00     0.0    0.0E+00       0.0   349.0   594.0
           0.0E+00     0.0    0.0E+00       0.0   346.0   584.0
           0.0E+00     0.0    0.0E+00       0.0   333.0   574.0
           0.0E+00     0.0    0.0E+00       0.0   336.0   600.0
           0.0E+00     0.0    0.0E+00       0.0   328.0   600.0
           0.0E+00     0.0    0.0E+00       0.0   355.0   589.0
           0.0E+00     0.0    0.0E+00       0.0   409.0   515.0
           0.0E+00     0.0    0.0E+00       0.0   395.0   541.0
           0.0E+00     0.0    0.0E+00       0.0   402.0   541.0
           0.0E+00     0.0    0.0E+00       0.0   391.0   538.0
           0.0E+00     0.0    0.0E+00       0.0   415.0   529.0
           0.0E+00     0.0    0.0E+00       0.0   420.0   512.0
           0.0E+00     0.0    0.0E+00       0.0   419.0   526.0
           0.0E+00     0.0    0.0E+00       0.0   460.0   525.0
           0.0E+00     0.0    0.0E+00       0.0   455.0   508.0
           0.0E+00     0.0    0.0E+00       0.0   476.0   509.0
           0.0E+00     0.0    0.0E+00       0.0   468.0   540.0
           0.0E+00     0.0    0.0E+00       0.0   531.0   510.0
           0.0E+00     0.0    0.0E+00       0.0   547.0   532.0
           0.0E+00     0.0    0.0E+00       0.0   528.0   465.0
           0.0E+00     0.0    0.0E+00       0.0   536.0   449.0
           0.0E+00     0.0    0.0E+00       0.0   523.0   453.0
           0.0E+00     0.0    0.0E+00       0.0   517.0   462.0
           0.0E+00     0.0    0.0E+00       0.0   547.0   453.0
           0.0E+00     0.0    0.0E+00       0.0   585.0   461.0
           0.0E+00     0.0    0.0E+00       0.0   580.0   454.0
           0.0E+00     0.0    0.0E+00       0.0   592.0   455.0
           0.0E+00     0.0    0.0E+00       0.0   583.0   448.0
           0.0E+00     0.0    0.0E+00       0.0   589.0   474.0
           0.0E+00     0.0    0.0E+00       0.0   588.0   466.0
           0.0E+00     0.0    0.0E+00       0.0   605.0   461.0
           0.0E+00     0.0    0.0E+00       0.0   605.0   446.0
           0.0E+00     0.0    0.0E+00       0.0   600.0   446.0
           0.0E+00     0.0    0.0E+00       0.0   669.0   409.0
           0.0E+00     0.0    0.0E+00       0.0   676.0   387.0
           0.0E+00     0.0    0.0E+00       0.0   668.0   397.0
           0.0E+00     0.0    0.0E+00       0.0   656.0   382.0
           0.0E+00     0.0    0.0E+00       0.0   646.0   382.0
           0.0E+00     0.0    0.0E+00       0.0   601.0   400.0
           0.0E+00     0.0    0.0E+00       0.0   605.0   392.0
           0.0E+00     0.0    0.0E+00       0.0   598.0   388.0
           0.0E+00     0.0    0.0E+00       0.0   589.0   387.0
           0.0E+00     0.0    0.0E+00       0.0   583.0   383.0
           0.0E+00     0.0    0.0E+00       0.0   586.0   383.0
           0.0E+00     0.0    0.0E+00       0.0   587.0   410.0
           0.0E+00     0.0    0.0E+00       0.0   584.0   411.0
           0.0E+00     0.0    0.0E+00       0.0   583.0   396.0
           0.0E+00     0.0    0.0E+00       0.0   585.0   401.0
           0.0E+00     0.0    0.0E+00       0.0   605.0   402.0
           0.0E+00     0.0    0.0E+00       0.0   609.0   394.0
           0.0E+00     0.0    0.0E+00       0.0   592.0   388.0
           0.0E+00     0.0    0.0E+00       0.0   597.0   391.0
           0.0E+00     0.0    0.0E+00       0.0   598.0   395.0
           0.0E+00     0.0    0.0E+00       0.0   588.0   384.0
           0.0E+00     0.0    0.0E+00       0.0   594.0   381.0
           0.0E+00     0.0    0.0E+00       0.0   598.0   381.0
           0.0E+00     0.0    0.0E+00       0.0   582.0   386.0
           0.0E+00     0.0    0.0E+00       0.0   598.0   412.0
           0.0E+00     0.0    0.0E+00       0.0   544.0   399.0
           0.0E+00     0.0    0.0E+00       0.0   537.0   385.0
           0.0E+00     0.0    0.0E+00       0.0   531.0   393.0
           0.0E+00     0.0    0.0E+00       0.0   528.0   392.0
           0.0E+00     0.0    0.0E+00       0.0   528.0   385.0
           0.0E+00     0.0    0.0E+00       0.0   517.0   404.0
           0.0E+00     0.0    0.0E+00       0.0   535.0   406.0
           0.0E+00     0.0    0.0E+00       0.0   537.0   411.0
           0.0E+00     0.0    0.0E+00       0.0   533.0   400.0
           0.0E+00     0.0    0.0E+00       0.0   547.0   402.0
           0.0E+00     0.0    0.0E+00       0.0   546.0   408.0
           0.0E+00     0.0    0.0E+00       0.0   544.0   390.0
           0.0E+00     0.0    0.0E+00       0.0   548.0   391.0
           0.0E+00     0.0    0.0E+00       0.0   526.0   387.0
           0.0E+00     0.0    0.0E+00       0.0   532.0   388.0
           0.0E+00     0.0    0.0E+00       0.0   536.0   382.0
           0.0E+00     0.0    0.0E+00       0.0   519.0   394.0
           0.0E+00     0.0    0.0E+00       0.0   517.0   384.0
           0.0E+00     0.0    0.0E+00       0.0   475.0   402.0
           0.0E+00     0.0    0.0E+00       0.0   470.0   411.0
           0.0E+00     0.0    0.0E+00       0.0   465.0   382.0
           0.0E+00     0.0    0.0E+00       0.0   475.0   381.0
           0.0E+00     0.0    0.0E+00       0.0   483.0   383.0
           0.0E+00     0.0    0.0E+00       0.0   457.0   395.0
           0.0E+00     0.0    0.0E+00       0.0   459.0   392.0
           0.0E+00     0.0    0.0E+00       0.0   461.0   395.0
           0.0E+00     0.0    0.0E+00       0.0   453.0   404.0
           0.0E+00     0.0    0.0E+00       0.0   457.0   407.0
           0.0E+00     0.0    0.0E+00       0.0   411.0   404.0
           0.0E+00     0.0    0.0E+00       0.0   408.0   403.0
           0.0E+00     0.0    0.0E+00       0.0   410.0   407.0
           0.0E+00     0.0    0.0E+00       0.0   403.0   412.0
           0.0E+00     0.0    0.0E+00       0.0   401.0   395.0
           0.0E+00     0.0    0.0E+00       0.0   401.0   392.0
           0.0E+00     0.0    0.0E+00       0.0   394.0   395.0
           0.0E+00     0.0    0.0E+00       0.0   389.0   400.0
           0.0E+00     0.0    0.0E+00       0.0   390.0   382.0
           0.0E+00     0.0    0.0E+00       0.0   390.0   390.0
           0.0E+00     0.0    0.0E+00       0.0   394.0   382.0
           0.0E+00     0.0    0.0E+00       0.0   403.0   382.0
           0.0E+00     0.0    0.0E+00       0.0   410.0   382.0
           0.0E+00     0.0    0.0E+00       0.0   410.0   388.0
           0.0E+00     0.0    0.0E+00       0.0   414.0   394.0
           0.0E+00     0.0    0.0E+00       0.0   409.0   397.0
           0.0E+00     0.0    0.0E+00       0.0   416.0   386.0
           0.0E+00     0.0    0.0E+00       0.0   398.0   413.0
           0.0E+00     0.0    0.0E+00       0.0   342.0   384.0
           0.0E+00     0.0    0.0E+00       0.0   338.0   386.0
           0.0E+00     0.0    0.0E+00       0.0   342.0   387.0
           0.0E+00     0.0    0.0E+00       0.0   333.0   384.0
           0.0E+00     0.0    0.0E+00       0.0   326.0   390.0
           0.0E+00     0.0    0.0E+00       0.0   353.0   396.0
           0.0E+00     0.0    0.0E+00       0.0   355.0   391.0
           0.0E+00     0.0    0.0E+00       0.0   347.0   400.0
           0.0E+00     0.0    0.0E+00       0.0   348.0   402.0
           0.0E+00     0.0    0.0E+00       0.0   354.0   409.0
           0.0E+00     0.0    0.0E+00       0.0   340.0   407.0
           0.0E+00     0.0    0.0E+00       0.0   333.0   413.0
           0.0E+00     0.0    0.0E+00       0.0   342.0   394.0
           0.0E+00     0.0    0.0E+00       0.0   336.0   395.0
           0.0E+00     0.0    0.0E+00       0.0   350.0   347.0
           0.0E+00     0.0    0.0E+00       0.0   339.0   341.0
           0.0E+00     0.0    0.0E+00       0.0   329.0   342.0
           0.0E+00     0.0    0.0E+00       0.0   325.0   335.0
           0.0E+00     0.0    0.0E+00       0.0   326.0   328.0
           0.0E+00     0.0    0.0E+00       0.0   328.0   321.0
           0.0E+00     0.0    0.0E+00       0.0   339.0   322.0
           0.0E+00     0.0    0.0E+00       0.0   338.0   327.0
           0.0E+00     0.0    0.0E+00       0.0   347.0   332.0
           0.0E+00     0.0    0.0E+00       0.0   353.0   337.0
           0.0E+00     0.0    0.0E+00       0.0   356.0   333.0
           0.0E+00     0.0    0.0E+00       0.0   338.0   344.0
           0.0E+00     0.0    0.0E+00       0.0   343.0   349.0
           0.0E+00     0.0    0.0E+00       0.0   418.0   346.0
           0.0E+00     0.0    0.0E+00       0.0   414.0   348.0
           0.0E+00     0.0    0.0E+00       0.0   418.0   336.0
           0.0E+00     0.0    0.0E+00       0.0   413.0   329.0
           0.0E+00     0.0    0.0E+00       0.0   407.0   322.0
           0.0E+00     0.0    0.0E+00       0.0   400.0   329.0
           0.0E+00     0.0    0.0E+00       0.0   392.0   328.0
           0.0E+00     0.0    0.0E+00       0.0   398.0   320.0
           0.0E+00     0.0    0.0E+00       0.0   390.0   344.0
           0.0E+00     0.0    0.0E+00       0.0   403.0   348.0
           0.0E+00     0.0    0.0E+00       0.0   402.0   337.0
           0.0E+00     0.0    0.0E+00       0.0   483.0   347.0
           0.0E+00     0.0    0.0E+00       0.0   477.0   347.0
           0.0E+00     0.0    0.0E+00       0.0   467.0   345.0
           0.0E+00     0.0    0.0E+00       0.0   465.0   345.0
           0.0E+00     0.0    0.0E+00       0.0   465.0   348.0
           0.0E+00     0.0    0.0E+00       0.0   452.0   348.0
           0.0E+00     0.0    0.0E+00       0.0   454.0   335.0
           0.0E+00     0.0    0.0E+00       0.0   460.0   331.0
           0.0E+00     0.0    0.0E+00       0.0   458.0   330.0
           0.0E+00     0.0    0.0E+00       0.0   456.0   327.0
           0.0E+00     0.0    0.0E+00       0.0   462.0   324.0
           0.0E+00     0.0    0.0E+00       0.0   464.0   324.0
           0.0E+00     0.0    0.0E+00       0.0   461.0   320.0
           0.0E+00     0.0    0.0E+00       0.0   456.0   319.0
           0.0E+00     0.0    0.0E+00       0.0   469.0   318.0
           0.0E+00     0.0    0.0E+00       0.0   473.0   322.0
           0.0E+00     0.0    0.0E+00       0.0   474.0   327.0
           0.0E+00     0.0    0.0E+00       0.0   480.0   323.0
           0.0E+00     0.0    0.0E+00       0.0   482.0   325.0
           0.0E+00     0.0    0.0E+00       0.0   479.0   318.0
           0.0E+00     0.0    0.0E+00       0.0   475.0   335.0
           0.0E+00     0.0    0.0E+00       0.0   472.0   337.0
           0.0E+00     0.0    0.0E+00       0.0   478.0   332.0
           0.0E+00     0.0    0.0E+00       0.0   466.0   338.0
           0.0E+00     0.0    0.0E+00       0.0   541.0   343.0
           0.0E+00     0.0    0.0E+00       0.0   546.0   338.0
           0.0E+00     0.0    0.0E+00       0.0   545.0   347.0
           0.0E+00     0.0    0.0E+00       0.0   541.0   331.0
           0.0E+00     0.0    0.0E+00       0.0   539.0   328.0
           0.0E+00     0.0    0.0E+00       0.0   544.0   321.0
           0.0E+00     0.0    0.0E+00       0.0   537.0   333.0
           0.0E+00     0.0    0.0E+00       0.0   534.0   334.0
           0.0E+00     0.0    0.0E+00       0.0   531.0   337.0
           0.0E+00     0.0    0.0E+00       0.0   532.0   330.0
           0.0E+00     0.0    0.0E+00       0.0   535.0   319.0
           0.0E+00     0.0    0.0E+00       0.0   535.0   322.0
           0.0E+00     0.0    0.0E+00       0.0   527.0   321.0
           0.0E+00     0.0    0.0E+00       0.0   527.0   325.0
           0.0E+00     0.0    0.0E+00       0.0   525.0   324.0
           0.0E+00     0.0    0.0E+00       0.0   520.0   322.0
           0.0E+00     0.0    0.0E+00       0.0   517.0   330.0
           0.0E+00     0.0    0.0E+00       0.0   520.0   332.0
           0.0E+00     0.0    0.0E+00       0.0   517.0   340.0
           0.0E+00     0.0    0.0E+00       0.0   519.0   344.0
           0.0E+00     0.0    0.0E+00       0.0   527.0   340.0
           0.0E+00     0.0    0.0E+00       0.0   522.0   343.0
           0.0E+00     0.0    0.0E+00       0.0   538.0   345.0
           0.0E+00     0.0    0.0E+00       0.0   541.0   347.0
           0.0E+00     0.0    0.0E+00       0.0   541.0   335.0
           0.0E+00     0.0    0.0E+00       0.0   592.0   337.0
           0.0E+00     0.0    0.0E+00       0.0   584.0   336.0
           0.0E+00     0.0    0.0E+00       0.0   582.0   336.0
           0.0E+00     0.0    0.0E+00       0.0   598.0   338.0
           0.0E+00     0.0    0.0E+00       0.0   594.0   333.0
           0.0E+00     0.0    0.0E+00       0.0   598.0   333.0
           0.0E+00     0.0    0.0E+00       0.0   594.0   329.0
           0.0E+00     0.0    0.0E+00       0.0   600.0   327.0
           0.0E+00     0.0    0.0E+00       0.0   603.0   323.0
           0.0E+00     0.0    0.0E+00       0.0   601.0   321.0
           0.0E+00     0.0    0.0E+00       0.0   594.0   323.0
           0.0E+00     0.0    0.0E+00       0.0   587.0   323.0
           0.0E+00     0.0    0.0E+00       0.0   584.0   326.0
           0.0E+00     0.0    0.0E+00       0.0   587.0   329.0
           0.0E+00     0.0    0.0E+00       0.0   584.0   318.0
           0.0E+00     0.0    0.0E+00       0.0   610.0   344.0
           0.0E+00     0.0    0.0E+00       0.0   608.0   333.0
           0.0E+00     0.0    0.0E+00       0.0   658.0   329.0
           0.0E+00     0.0    0.0E+00       0.0   657.0   348.0
           0.0E+00     0.0    0.0E+00       0.0   647.0   348.0
           0.0E+00     0.0    0.0E+00       0.0   644.0   329.0
           0.0E+00     0.0    0.0E+00       0.0   645.0   335.0
           0.0E+00     0.0    0.0E+00       0.0   654.0   322.0
           0.0E+00     0.0    0.0E+00       0.0   717.0   335.0
           0.0E+00     0.0    0.0E+00       0.0   596.0   265.0
           0.0E+00     0.0    0.0E+00       0.0   582.0   261.0
           0.0E+00     0.0    0.0E+00       0.0   601.0   256.0
           0.0E+00     0.0    0.0E+00       0.0   608.0   274.0
           0.0E+00     0.0    0.0E+00       0.0   610.0   281.0
           0.0E+00     0.0    0.0E+00       0.0   588.0   276.0
           0.0E+00     0.0    0.0E+00       0.0   583.0   279.0
           0.0E+00     0.0    0.0E+00       0.0   582.0   282.0
           0.0E+00     0.0    0.0E+00       0.0   592.0   282.0
           0.0E+00     0.0    0.0E+00       0.0   591.0   285.0
           0.0E+00     0.0    0.0E+00       0.0   583.0   263.0
           0.0E+00     0.0    0.0E+00       0.0   595.0   276.0
           0.0E+00     0.0    0.0E+00       0.0   596.0   281.0
           0.0E+00     0.0    0.0E+00       0.0   583.0   256.0
           0.0E+00     0.0    0.0E+00       0.0   592.0   254.0
           0.0E+00     0.0    0.0E+00       0.0   517.0   283.0
           0.0E+00     0.0    0.0E+00       0.0   524.0   280.0
           0.0E+00     0.0    0.0E+00       0.0   530.0   275.0
           0.0E+00     0.0    0.0E+00       0.0   533.0   272.0
           0.0E+00     0.0    0.0E+00       0.0   537.0   285.0
           0.0E+00     0.0    0.0E+00       0.0   544.0   276.0
           0.0E+00     0.0    0.0E+00       0.0   547.0   279.0
           0.0E+00     0.0    0.0E+00       0.0   543.0   273.0
           0.0E+00     0.0    0.0E+00       0.0   547.0   266.0
           0.0E+00     0.0    0.0E+00       0.0   540.0   267.0
           0.0E+00     0.0    0.0E+00       0.0   543.0   263.0
           0.0E+00     0.0    0.0E+00       0.0   547.0   260.0
           0.0E+00     0.0    0.0E+00       0.0   535.0   256.0
           0.0E+00     0.0    0.0E+00       0.0   536.0   255.0
           0.0E+00     0.0    0.0E+00       0.0   519.0   256.0
           0.0E+00     0.0    0.0E+00       0.0   530.0   266.0
           0.0E+00     0.0    0.0E+00       0.0   518.0   277.0
           0.0E+00     0.0    0.0E+00       0.0   517.0   276.0
           0.0E+00     0.0    0.0E+00       0.0   528.0   275.0
           0.0E+00     0.0    0.0E+00       0.0   533.0   278.0
           0.0E+00     0.0    0.0E+00       0.0   461.0   259.0
           0.0E+00     0.0    0.0E+00       0.0   456.0   259.0
           0.0E+00     0.0    0.0E+00       0.0   453.0   261.0
           0.0E+00     0.0    0.0E+00       0.0   469.0   269.0
           0.0E+00     0.0    0.0E+00       0.0   470.0   266.0
           0.0E+00     0.0    0.0E+00       0.0   477.0   268.0
           0.0E+00     0.0    0.0E+00       0.0   475.0   274.0
           0.0E+00     0.0    0.0E+00       0.0   478.0   272.0
           0.0E+00     0.0    0.0E+00       0.0   479.0   275.0
           0.0E+00     0.0    0.0E+00       0.0   481.0   268.0
           0.0E+00     0.0    0.0E+00       0.0   477.0   263.0
           0.0E+00     0.0    0.0E+00       0.0   477.0   282.0
           0.0E+00     0.0    0.0E+00       0.0   458.0   277.0
           0.0E+00     0.0    0.0E+00       0.0   454.0   273.0
           0.0E+00     0.0    0.0E+00       0.0   464.0   285.0
           0.0E+00     0.0    0.0E+00       0.0   483.0   263.0
           0.0E+00     0.0    0.0E+00       0.0   411.0   283.0
           0.0E+00     0.0    0.0E+00       0.0   404.0   274.0
           0.0E+00     0.0    0.0E+00       0.0   396.0   282.0
           0.0E+00     0.0    0.0E+00       0.0   402.0   263.0
           0.0E+00     0.0    0.0E+00       0.0   401.0   268.0
           0.0E+00     0.0    0.0E+00       0.0   415.0   261.0
           0.0E+00     0.0    0.0E+00       0.0   408.0   256.0
           0.0E+00     0.0    0.0E+00       0.0   411.0   255.0
           0.0E+00     0.0    0.0E+00       0.0   418.0   256.0
           0.0E+00     0.0    0.0E+00       0.0   400.0   255.0
           0.0E+00     0.0    0.0E+00       0.0   391.0   256.0
           0.0E+00     0.0    0.0E+00       0.0   391.0   267.0
           0.0E+00     0.0    0.0E+00       0.0   393.0   270.0
           0.0E+00     0.0    0.0E+00       0.0   347.0   278.0
           0.0E+00     0.0    0.0E+00       0.0   342.0   260.0
           0.0E+00     0.0    0.0E+00       0.0   331.0   267.0
           0.0E+00     0.0    0.0E+00       0.0   330.0   268.0
           0.0E+00     0.0    0.0E+00       0.0   327.0   268.0
           0.0E+00     0.0    0.0E+00       0.0   327.0   253.0

     Mean    0     0.0        0       0.0   487   366
