Stucture reference data file DLN.DAT - 
Written at 26/04/2011 on 12:19

 Cell types 2

     Cell Type Outline  (5)

           6.3E+02   631.2    1.4E+04   14184.4   302.0   141.0
           1.0E+04   10170.2    3.1E+06   3116241.6   186.0   299.0
           4.8E+03   4780.1    3.6E+06   3623711.1   527.0   340.0
           8.9E+03   8886.5    2.5E+06   2470700.7   485.0    26.0
           7.6E+03   7595.7    1.8E+06   1775916.7   234.0   -48.0

     Mean 6413   6412.8   2200151   2200150.9   347   152

     Cell Type Rhodamine  (0)

          No Data recorded

     Cell Type Fluoroscein  (103)

           3.7E+01    36.5    1.9E+02     187.5   238.4   263.4
           1.9E+01    19.2    3.1E+02     308.3   236.0   260.3
           2.2E+01    22.3    2.3E+02     226.2   239.3   259.4
           3.7E+01    36.5    4.1E+02     408.3   244.5   261.3
           3.2E+01    31.6    2.5E+02     255.0   238.8   250.4
           2.7E+01    27.2    4.0E+02     400.7   241.5   252.4
           2.9E+01    29.1    2.0E+02     201.3   238.8   248.2
           3.2E+01    32.2    2.0E+02     199.4   238.7   237.9
           3.2E+01    31.6    6.6E+02     662.1   243.0   246.4
           6.0E+01    60.1    1.1E+03    1057.8   246.5   246.8
           2.5E+01    25.4    2.4E+02     235.8   244.4   251.3
           4.1E+01    40.9    1.0E+03    1001.8   248.8   248.5
           4.0E+01    40.2    2.8E+02     275.7   246.2   240.2
           4.4E+01    44.0    8.3E+02     825.1   250.6   242.0
           4.0E+01    39.6    8.3E+02     834.7   251.7   240.2
           3.5E+01    34.7    8.0E+02     801.3   252.1   236.3
           1.7E+01    16.7    3.8E+02     375.7   252.1   233.8
           3.5E+01    35.3    6.6E+02     657.5   253.9   242.7
           2.6E+01    26.0    6.7E+02     672.1   253.8   245.5
           3.1E+01    31.0    7.6E+02     761.1   253.5   248.8
           2.5E+01    25.4    3.6E+02     356.9   250.7   251.8
           2.1E+01    21.1    1.1E+02     107.4   249.8   254.5
           2.4E+01    24.1    2.4E+02     242.7   248.5   257.1
           4.1E+01    41.5    4.6E+02     463.2   252.9   260.6
           6.6E+01    65.6    2.2E+03    2232.6   255.3   262.6
           3.5E+01    35.3    1.5E+02     148.0   248.0   262.6
           1.9E+01    18.6    5.2E+01      52.1   252.3   263.9
           6.8E+01    68.1    2.7E+03    2652.0   255.1   268.3
           5.1E+01    50.8    1.2E+03    1204.3   258.4   272.1
           5.8E+01    58.2    2.5E+03    2535.8   258.5   265.0
           4.7E+01    47.1    4.9E+02     487.3   252.7   257.7
           4.4E+01    44.0    5.7E+02     573.6   254.3   256.9
           4.6E+01    45.8    4.2E+02     417.9   255.6   258.4
           5.3E+01    53.3    1.8E+03    1808.9   253.0   255.2
           3.0E+01    30.3    2.4E+02     237.7   251.8   253.4
           3.5E+01    34.7    8.4E+02     842.0   253.1   252.0
           4.6E+01    45.8    1.8E+03    1773.2   255.1   252.7
           4.6E+01    45.8    1.0E+03    1013.3   257.6   250.8
           2.4E+01    24.1    5.7E+02     565.9   258.1   253.1
           3.0E+01    30.3    8.1E+02     806.3   259.7   255.8
           4.2E+01    42.1    1.2E+03    1233.0   259.5   258.0
           3.9E+01    39.0    1.2E+03    1216.2   263.1   261.5
           4.5E+01    44.6    1.1E+03    1079.3   265.1   264.0
           4.5E+01    45.2    1.0E+03    1014.9   267.6   262.2
           3.5E+01    35.3    1.4E+03    1356.5   267.6   259.7
           5.2E+01    52.0    1.6E+03    1614.5   263.8   255.8
           2.9E+01    29.1    1.2E+03    1211.6   265.5   254.5
           3.6E+01    35.9    1.6E+03    1569.3   264.9   251.8
           3.5E+01    34.7    1.1E+03    1107.6   261.1   251.7
           2.7E+01    26.6    9.9E+02     991.9   261.6   248.5
           4.0E+01    39.6    1.3E+03    1283.2   262.4   247.4
           6.0E+01    60.1    1.9E+03    1925.4   261.2   245.7
           5.0E+01    50.2    1.5E+03    1490.7   264.8   249.3
           3.6E+01    35.9    7.5E+02     746.5   263.7   243.1
           3.1E+01    31.0    1.2E+03    1181.3   264.2   245.7
           2.4E+01    24.1    7.3E+02     730.8   257.8   241.4
           3.7E+01    37.2    1.2E+03    1205.4   261.4   239.4
           3.9E+01    39.0    8.8E+02     884.5   258.3   236.9
           4.5E+01    45.2    1.6E+03    1613.0   263.2   236.6
           3.3E+01    32.8    8.3E+02     828.9   261.6   233.3
           2.7E+01    27.2    1.1E+03    1069.7   264.7   233.5
           2.7E+01    26.6    7.8E+02     782.9   265.8   237.7
           2.5E+01    25.4    9.0E+02     902.5   264.1   240.3
           5.8E+01    57.6    2.4E+03    2415.4   266.3   242.2
           2.8E+01    27.9    1.1E+03    1100.0   268.2   241.9
           4.3E+01    43.3    1.5E+03    1533.2   270.2   240.0
           4.1E+01    40.9    1.7E+03    1715.3   269.9   244.0
           3.2E+01    32.2    1.3E+03    1278.6   269.8   247.4
           3.1E+01    31.0    8.8E+02     880.3   272.5   248.3
           5.0E+01    49.5    2.4E+03    2376.7   273.0   250.5
           4.1E+01    41.5    1.1E+03    1142.2   269.7   250.5
           4.2E+01    42.1    1.3E+03    1336.2   268.1   253.2
           4.9E+01    48.9    2.2E+03    2213.8   269.3   254.0
           4.1E+01    40.9    1.6E+03    1608.8   271.5   254.8
           3.9E+01    39.0    1.7E+03    1692.7   270.3   259.3
           4.1E+01    40.9    1.4E+03    1357.6   272.4   258.9
           3.8E+01    38.4    1.5E+03    1464.6   272.5   263.0
           5.2E+01    52.0    2.1E+03    2058.9   270.5   266.5
           5.4E+01    54.5    2.2E+03    2223.7   274.8   266.3
           3.7E+01    37.2    5.1E+02     510.3   263.7   273.5
           3.3E+01    33.4    1.0E+03    1024.8   275.8   250.9
           2.5E+01    25.4    7.9E+02     789.0   273.7   256.9
           4.7E+01    47.1    2.3E+03    2336.5   277.4   259.8
           4.8E+01    47.7    3.0E+03    2979.0   281.1   257.0
           2.3E+01    22.9    1.5E+03    1485.3   281.8   261.1
           3.5E+01    34.7    1.3E+03    1290.5   278.5   271.6
           3.7E+01    36.5    2.0E+03    2031.3   280.6   250.8
           5.0E+01    50.2    2.8E+03    2791.9   277.2   247.5
           3.8E+01    38.4    1.9E+03    1942.3   275.8   241.7
           4.2E+01    42.1    2.1E+03    2068.1   273.9   243.8
           4.4E+01    44.0    2.1E+03    2129.4   273.1   238.9
           3.7E+01    37.2    1.4E+03    1448.5   276.3   236.8
           3.6E+01    35.9    1.9E+03    1917.4   277.7   239.6
           4.0E+01    40.2    1.1E+03    1050.5   269.7   234.3
           4.3E+01    42.7    2.6E+03    2575.7   279.8   244.2
           2.2E+01    22.3    1.4E+03    1371.0   282.1   243.9
           2.5E+01    24.8    1.0E+03     999.9   280.7   248.0
           4.2E+01    42.1    5.6E+02     556.3   238.5   255.5
           3.5E+01    34.7    4.1E+02     406.8   248.7   267.7
           4.0E+01    39.6    1.1E+03    1096.9   271.5   229.6
           2.8E+01    28.5    1.2E+03    1203.1   280.2   238.3
           4.3E+01    42.7    2.5E+03    2507.8   285.6   247.0
           3.3E+01    32.8    7.7E+01      76.7   285.2   259.4

     Mean   38    37.8     1154    1154.3   262   251
