
ULP Computer Microscope

Stucture reference data file IDT.DAT - 

Written at 12/03/2009 on 15:34

2 cell types considered

     Integer units are pixels, Floating point units are micron

     Cell Type Outline  (5)

            Perimeter           Area         C of G

           7.7E+03   7678.3    1.3E+06   1336153.4   288.0   176.0
           5.8E+02   580.4    5.3E+04   52863.2   217.0   314.0
           6.2E+03   6174.8    4.4E+06   4417722.1   353.0   471.0
           6.5E+03   6538.5    1.3E+06   1261724.3    60.0   436.0
           5.3E+03   5321.7    1.2E+06   1201525.7    36.0   174.0

     Mean 5259   5258.7   1653998   1653997.8   191   314

     Cell Type Rhodamine  (193)

            Perimeter           Area         C of G

           2.3E+01    22.9    9.4E+02     935.9   259.0   161.0
           2.2E+01    21.7    4.5E+02     450.5   257.0   161.0
           1.5E+01    15.5    3.3E+02     334.3   255.0   162.0
           1.4E+01    14.2    7.9E+01      78.6   258.0   163.0
           2.5E+01    24.8    8.2E+01      82.0   259.0   164.0
           2.8E+01    27.9    8.1E+01      80.5   261.0   164.0
           1.4E+01    14.2    4.5E+02     453.9   263.0   161.0
           1.8E+01    18.0    7.2E+02     722.7   265.0   162.0
           1.9E+01    19.2    3.4E+02     338.9   264.0   166.0
           1.7E+01    16.7    4.2E+02     419.1   265.0   167.0
           2.0E+01    20.4    8.5E+01      85.5   267.0   169.0
           1.3E+01    13.0    4.9E+02     490.8   268.0   168.0
           1.9E+01    19.2    1.1E+03    1096.1   265.0   169.0
           1.9E+01    19.2    6.1E+02     605.4   263.0   169.0
           3.4E+01    34.1    1.3E+03    1295.9   261.0   167.0
           1.9E+01    19.2    7.6E+02     756.1   260.0   169.0
           1.9E+01    19.2    8.2E+02     817.4   257.0   166.0
           3.2E+01    31.6    8.4E+02     843.1   255.0   165.0
           1.5E+01    14.9    5.6E+02     557.5   256.0   168.0
           1.9E+01    18.6    4.6E+02     463.9   257.0   170.0
           2.0E+01    20.4    4.6E+02     456.2   257.0   160.0
           2.2E+01    22.3    6.6E+02     664.1   256.0   159.0
           2.1E+01    21.1    3.8E+02     381.5   271.0   166.0
           2.2E+01    22.3    1.2E+02     120.4   271.0   167.0
           1.7E+01    17.3    3.2E+02     319.0   273.0   169.0
           1.9E+01    18.6    3.0E+02     295.6   275.0   169.0
           2.0E+01    20.4    7.3E+02     730.8   275.0   167.0
           1.7E+01    16.7    8.9E+01      88.9   276.0   168.0
           2.4E+01    23.5    4.6E+01      45.6   279.0   166.0
           2.3E+01    22.9    7.2E+02     721.6   279.0   166.0
           2.2E+01    21.7    1.2E+02     118.9   279.0   164.0
           1.7E+01    16.7    5.8E+02     579.3   280.0   163.0
           2.4E+01    23.5    1.0E+03    1029.4   277.0   164.0
           1.9E+01    18.6    8.6E+02     857.3   276.0   163.0
           1.5E+01    15.5    3.6E+02     363.8   271.0   164.0
           1.6E+01    16.1    4.8E+02     483.9   270.0   161.0
           2.5E+01    24.8    3.3E+02     325.5   271.0   160.0
           2.4E+01    24.1    1.7E+01      16.9   273.0   159.0
           1.9E+01    19.2    4.1E+02     405.6   274.0   160.0
           2.0E+01    19.8    7.8E+02     779.5   273.0   162.0
           1.9E+01    18.6    1.5E+02     148.4   272.0   162.0
           2.1E+01    21.1    2.4E+02     238.9   276.0   162.0
           2.6E+01    26.0    7.3E+00       7.3   277.0   160.0
           2.3E+01    22.9    5.8E+02     583.9   276.0   159.0
           2.4E+01    23.5    1.5E+02     150.7   274.0   157.0
           2.5E+01    24.8    1.3E+02     128.4   275.0   156.0
           1.3E+01    13.0    4.2E+02     419.1   277.0   155.0
           1.7E+01    16.7    3.6E+02     360.0   272.0   152.0
           1.7E+01    17.3    2.7E+01      26.8   271.0   149.0
           2.7E+01    27.2    4.0E+02     395.3   272.0   148.0
           1.6E+01    16.1    1.8E+02     176.4   272.0   142.0
           1.3E+01    13.0    2.6E+02     259.6   270.0   145.0
           1.4E+01    14.2    4.4E+01      44.5   277.0   144.0
           1.6E+01    16.1    5.5E+02     546.7   280.0   145.0
           1.5E+01    14.9    4.0E+02     402.6   269.0   157.0
           2.2E+01    22.3    6.6E+02     662.9   272.0   156.0
           2.1E+01    21.1    2.6E+02     260.3   281.0   157.0
           1.9E+01    19.2    8.9E+01      88.6   278.0   158.0
           2.2E+01    21.7    1.5E+02     151.8   282.0   160.0
           2.2E+01    21.7    2.0E+02     198.2   285.0   159.0
           2.2E+01    21.7    1.5E+02     150.7   285.0   158.0
           1.7E+01    17.3    5.9E+02     593.1   285.0   157.0
           2.0E+01    19.8    4.4E+02     438.6   283.0   156.0
           1.3E+01    13.0    8.1E+01      80.5   284.0   148.0
           2.1E+01    21.1    3.9E+02     387.6   284.0   163.0
           1.9E+01    18.6    5.2E+02     524.1   285.0   165.0
           1.8E+01    18.0    1.0E+02     100.1   283.0   166.0
           1.4E+01    14.2    1.6E+02     158.7   282.0   166.0
           1.6E+01    16.1    3.9E+02     391.1   284.0   167.0
           1.5E+01    15.5    1.5E+02     146.5   284.0   166.0
           2.4E+01    23.5    4.4E+02     442.1   284.0   169.0
           1.6E+01    16.1    1.0E+03    1027.1   285.0   170.0
           1.5E+01    15.5    7.3E+02     732.7   280.0   168.0
           1.2E+01    12.4    4.4E+02     437.1   281.0   170.0
           1.8E+01    18.0    8.0E+02     796.7   288.0   168.0
           2.3E+01    22.9    1.9E+02     187.5   290.0   165.0
           1.9E+01    19.2    2.1E+02     212.8   290.0   164.0
           2.0E+01    19.8    3.6E+02     358.9   289.0   161.0
           2.4E+01    23.5    7.1E+02     707.4   288.0   158.0
           1.7E+01    17.3    5.9E+02     587.4   291.0   155.0
           1.5E+01    15.5    7.3E+02     731.5   294.0   158.0
           1.8E+01    18.0    6.0E+02     604.2   293.0   165.0
           2.0E+01    19.8    6.1E+02     611.1   296.0   166.0
           1.9E+01    19.2    1.0E+03    1034.0   295.0   165.0
           2.7E+01    27.2    6.4E+02     636.1   295.0   147.0
           3.4E+01    34.1    3.0E+02     302.5   273.0   153.0
           1.4E+01    13.6    4.6E+02     461.6   303.0   147.0
           1.9E+01    18.6    8.9E+02     888.0   313.0   159.0
           1.8E+01    18.0    5.5E+02     554.0   306.0   167.0
           2.1E+01    21.1    9.7E+02     970.0   298.0   165.0
           1.4E+01    13.6    1.8E+02     183.3   299.0   161.0
           1.2E+01    12.4    5.2E+02     520.3   319.0   169.0
           2.2E+01    21.7    7.9E+02     793.6   324.0   146.0
           1.5E+01    14.9    5.3E+01      52.9   317.0   151.0
           2.6E+01    26.0    4.2E+02     421.7   350.0   166.0
           2.0E+01    19.8    2.2E+02     218.9   348.0   155.0
           1.9E+01    18.6    6.1E+02     607.3   354.0   154.0
           2.2E+01    21.7    4.1E+02     406.0   333.0   152.0
           2.2E+01    21.7    6.9E+02     693.6   332.0   158.0
           2.2E+01    21.7    4.9E+02     489.6   332.0   145.0
           2.4E+01    23.5    1.2E+02     115.0   329.0   139.0
           2.5E+01    25.4    6.0E+02     595.8   339.0   141.0
           2.3E+01    22.9    1.0E+03    1037.5   359.0   164.0
           2.0E+01    20.4    7.6E+02     758.4   364.0   135.0
           1.9E+01    18.6    6.6E+01      65.6   361.0   125.0
           2.2E+01    21.7    6.8E+01      68.2   346.0   125.0
           1.4E+01    13.6    2.9E+02     287.9   334.0   127.0
           8.7E+00     8.7    2.2E+02     217.0   339.0   125.0
           1.9E+01    18.6    7.9E+02     790.6   340.0   139.0
           2.2E+01    22.3    4.8E+02     481.9   303.0   132.0
           2.6E+01    26.0    3.4E+01      34.1   269.0   109.0
           2.0E+01    20.4    5.8E+02     575.9   278.0   116.0
           1.3E+01    13.0    4.1E+01      41.4   269.0   116.0
           1.5E+01    15.5    2.0E+01      19.9   272.0   125.0
           1.5E+01    14.9    4.7E+02     470.4   277.0   128.0
           1.9E+01    18.6    1.7E+02     169.1   275.0   138.0
           2.9E+01    29.1    1.6E+03    1573.1   284.0   141.0
           1.3E+01    13.0    7.4E+02     743.0   286.0   139.0
           2.4E+01    23.5    1.5E+03    1500.3   294.0   139.0
           2.1E+01    21.1    9.7E+02     974.6   294.0   129.0
           2.0E+01    20.4    3.3E+02     327.8   294.0   123.0
           3.3E+01    32.8    1.7E+03    1689.3   261.0   140.0
           2.7E+01    26.6    1.4E+03    1411.3   241.0   140.0
           1.5E+01    14.9    5.3E+02     527.2   249.0   135.0
           2.1E+01    21.1    1.0E+02     104.3   251.0   128.0
           3.8E+01    37.8    1.8E+02     184.8   231.0   110.0
           2.8E+01    27.9    2.6E+02     255.3   230.0   109.0
           1.9E+01    18.6    4.6E+02     462.8   325.0   279.0
           3.5E+01    35.3    1.1E+03    1116.9   313.0   273.0
           2.6E+01    26.0    7.4E+02     738.4   307.0   260.0
           1.9E+01    18.6    2.6E+01      26.1   302.0   263.0
           2.6E+01    26.0    6.3E+02     631.5   301.0   264.0
           1.5E+01    15.5    3.0E+02     298.3   300.0   266.0
           2.9E+01    29.1    3.0E+02     297.9   304.0   271.0
           1.4E+01    13.6    3.5E+02     353.5   291.0   282.0
           2.1E+01    21.1    4.8E+02     483.1   292.0   279.0
           2.5E+01    25.4    1.5E+03    1466.9   284.0   283.0
           2.1E+01    21.1    9.2E+02     924.8   289.0   269.0
           1.9E+01    18.6    4.8E+02     483.1   286.0   261.0
           1.6E+01    16.1    4.1E+02     409.1   285.0   264.0
           1.2E+01    11.8    4.1E+02     407.9   281.0   262.0
           2.0E+01    19.8    6.9E+02     692.4   273.0   267.0
           2.8E+01    28.5    6.5E+02     652.6   268.0   265.0
           2.8E+01    28.5    1.7E+03    1748.3   267.0   277.0
           1.7E+01    17.3    5.7E+02     573.6   256.0   279.0
           3.5E+01    34.7    9.8E+02     977.7   248.0   260.0
           1.6E+01    16.1    3.3E+02     325.5   247.0   259.0
           2.0E+01    20.4    3.9E+02     392.6   251.0   261.0
           2.2E+01    21.7    4.3E+02     432.5   255.0   258.0
           1.8E+01    18.0    1.5E+01      14.6   247.0   267.0
           2.0E+01    19.8    3.1E+02     314.0   242.0   270.0
           1.7E+01    17.3    1.0E+02     103.9   263.0   258.0
           1.9E+01    19.2    4.5E+02     449.0   263.0   261.0
           1.9E+01    19.2    4.9E+02     488.8   212.0   261.0
           1.9E+01    18.6    1.7E+02     168.7   213.0   262.0
           9.3E+00     9.3    1.6E+02     161.0   217.0   261.0
           1.3E+01    13.0    1.9E+02     189.8   220.0   260.0
           1.4E+01    13.6    3.3E+02     332.0   230.0   258.0
           1.7E+01    17.3    3.8E+02     377.3   231.0   260.0
           1.9E+01    19.2    2.9E+02     292.2   234.0   264.0
           1.5E+01    14.9    9.0E+01      89.7   234.0   260.0
           1.5E+01    15.5    1.3E+01      12.7   212.0   282.0
           1.2E+01    11.8    1.1E+02     108.9   182.0   261.0
           2.6E+01    26.0    3.2E+01      31.8   190.0   268.0
           2.2E+01    21.7    5.9E+02     592.4   208.0   259.0
           1.8E+01    18.0    2.5E+02     251.5   196.0   307.0
           1.8E+01    18.0    3.1E+02     308.3   188.0   292.0
           1.7E+01    16.7    2.1E+01      21.1   255.0   304.0
           1.5E+01    14.9    3.8E+02     383.4   255.0   298.0
           1.5E+01    15.5    1.1E+02     108.5   250.0   294.0
           1.9E+01    18.6    5.2E+02     523.0   296.0   309.0
           1.8E+01    18.0    6.4E+01      64.4   296.0   298.0
           2.2E+01    21.7    6.6E+02     660.2   287.0   301.0
           2.3E+01    22.9    3.3E+01      33.0   284.0   305.0
           2.5E+01    25.4    7.7E+02     771.0   318.0   305.0
           2.0E+01    19.8    5.3E+02     532.9   318.0   296.0
           1.5E+01    15.5    3.2E+02     324.4   317.0   293.0
           2.0E+01    20.4    1.1E+03    1094.6   326.0   293.0
           2.0E+01    19.8    2.6E+02     262.2   301.0   288.0
           2.4E+01    23.5    5.9E+02     590.4   348.0   312.0
           3.5E+01    35.3    2.5E+02     255.0   347.0   302.0
           2.0E+01    19.8    7.8E+01      78.2   333.0   303.0
           1.2E+01    12.4    5.6E+02     555.9   376.0   326.0
           1.9E+01    19.2    3.7E+02     370.8   360.0   317.0
           1.9E+01    18.6    3.3E+02     333.9   361.0   333.0
           2.2E+01    21.7    4.9E+01      49.1   378.0   318.0
           4.0E+01    40.2    6.8E+02     678.6   389.0   331.0
           3.0E+01    29.7    2.1E+02     212.8   334.0   316.0
           2.5E+01    25.4    1.2E+02     118.9   369.0   345.0
           1.6E+01    16.1    3.1E+02     312.5   408.0   367.0
           1.8E+01    18.0    1.1E+02     105.1   404.0   347.0
           2.7E+01    26.6    1.3E+02     125.4   439.1   369.1
           2.8E+01    27.9    7.2E+02     717.3   420.1   361.3

     Mean   20    20.2      451     451.1   286   200

     Cell Type Fluoroscein  (273)

            Perimeter           Area         C of G

           3.4E+01    34.1    3.6E+02     358.9   320.0   244.0
           1.9E+01    18.6    1.1E+02     108.9   317.0   243.0
           1.1E+01    10.5    1.9E+00       1.9   315.0   243.0
           1.5E+01    14.9    1.5E+02     154.1   314.0   241.0
           6.8E+00     6.8    7.0E+01      70.2   316.0   239.0
           1.7E+01    17.3    4.1E+02     409.5   314.0   236.0
           1.4E+01    14.2    4.1E+02     413.7   314.0   233.0
           1.1E+01    11.1    8.9E+01      89.3   314.0   229.0
           1.9E+01    19.2    7.0E+02     698.9   318.0   228.0
           1.5E+01    14.9    2.0E+02     202.4   319.0   229.0
           1.8E+01    18.0    3.8E+02     378.4   320.0   229.0
           1.2E+01    12.4    1.5E+02     147.6   320.0   230.0
           1.3E+01    13.0    5.1E+01      51.0   322.0   231.0
           2.4E+01    23.5    1.6E+02     155.3   323.0   230.0
           1.7E+01    17.3    5.2E+01      51.8   323.0   234.0
           1.9E+01    19.2    8.3E+02     826.2   324.0   236.0
           1.3E+01    13.0    9.9E+01      98.5   312.0   241.0
           1.9E+01    18.6    3.6E+02     358.5   310.0   235.0
           1.2E+01    12.4    5.0E+01      50.2   310.0   233.0
           1.8E+01    18.0    2.8E+02     283.0   311.0   233.0
           1.9E+01    19.2    1.5E+02     145.7   312.0   236.0
           2.1E+01    21.1    1.8E+02     178.3   309.0   231.0
           1.1E+01    10.5    3.0E+02     296.4   309.0   232.0
           2.1E+01    21.1    4.1E+02     412.9   303.0   229.0
           1.7E+01    16.7    1.5E+02     148.4   302.0   233.0
           1.5E+01    15.5    2.5E+02     254.6   299.0   232.0
           1.7E+01    16.7    1.4E+01      13.8   301.0   234.0
           1.8E+01    18.0    3.0E+01      29.5   307.0   240.0
           1.7E+01    16.7    6.2E+02     620.7   306.0   242.0
           1.6E+01    16.1    4.6E+01      45.6   312.0   228.0
           2.2E+01    22.3    4.8E+02     479.6   320.0   233.0
           2.0E+01    19.8    7.6E+01      75.5   325.0   239.0
           1.6E+01    16.1    9.2E+01      92.0   323.0   240.0
           2.7E+01    26.6    1.7E+02     165.2   322.0   238.0
           1.5E+01    15.5    9.9E+01      98.9   320.0   240.0
           1.9E+01    19.2    3.8E+02     380.0   330.0   231.0
           1.2E+01    12.4    2.1E+02     210.9   328.0   230.0
           1.5E+01    15.5    4.6E+01      45.6   328.0   233.0
           2.1E+01    21.1    3.5E+02     351.6   327.0   228.0
           1.7E+01    17.3    6.5E+02     650.3   283.0   239.0
           1.7E+01    16.7    4.2E+02     421.4   296.0   238.0
           1.8E+01    18.0    6.4E+02     639.5   287.0   234.0
           1.3E+01    13.0    4.4E+02     440.9   295.0   233.0
           1.3E+01    13.0    1.9E+02     194.0   270.0   209.0
           1.4E+01    14.2    5.3E+02     530.6   278.0   204.0
           2.0E+01    20.4    7.6E+02     758.4   277.0   221.0
           2.2E+01    22.3    8.5E+02     845.8   287.0   228.0
           1.6E+01    16.1    8.2E+02     821.2   289.0   225.0
           1.7E+01    16.7    1.6E+02     156.4   289.0   222.0
           2.4E+01    23.5    7.1E+02     705.1   292.0   220.0
           1.4E+01    13.6    5.1E+02     514.9   293.0   223.0
           1.8E+01    18.0    1.5E+02     154.9   294.0   221.0
           2.2E+01    22.3    1.0E+03    1008.3   296.0   221.0
           1.7E+01    17.3    5.4E+01      54.4   296.0   219.0
           1.2E+01    12.4    2.5E+02     250.7   297.0   217.0
           2.0E+01    20.4    4.2E+02     421.7   296.0   215.0
           1.7E+01    16.7    4.4E+02     440.1   295.0   216.0
           2.1E+01    21.1    2.9E+02     294.8   291.0   214.0
           1.3E+01    13.0    5.7E+02     567.8   290.0   208.0
           1.1E+01    11.1    3.5E+02     352.3   294.0   210.0
           2.1E+01    21.1    8.5E+02     846.6   294.0   207.0
           2.6E+01    26.0    9.3E+02     931.3   294.0   202.0
           2.1E+01    21.1    8.6E+02     858.8   296.0   201.0
           2.2E+01    21.7    2.6E+02     263.8   297.0   208.0
           1.9E+01    19.2    2.2E+02     215.5   303.0   227.0
           1.7E+01    16.7    7.3E+02     726.9   301.0   227.0
           1.4E+01    13.6    7.3E+02     732.7   300.0   225.0
           1.7E+01    16.7    7.2E+02     724.2   299.0   224.0
           7.4E+00     7.4    7.0E+01      69.8   298.0   223.0
           2.0E+01    20.4    3.8E+02     383.4   299.0   222.0
           1.5E+01    14.9    4.4E+02     443.2   298.0   222.0
           1.6E+01    16.1    4.3E+02     429.4   299.0   220.0
           2.4E+01    24.1    8.3E+02     827.0   299.0   218.0
           1.5E+01    14.9    2.0E+02     204.7   301.0   219.0
           1.4E+01    13.6    4.3E+02     431.3   303.0   219.0
           8.0E+00     8.0    3.0E+02     301.4   303.0   220.0
           1.7E+01    16.7    6.4E+02     644.9   304.0   221.0
           1.5E+01    15.5    2.7E+02     273.4   306.0   220.0
           2.0E+01    19.8    7.5E+02     754.2   305.0   218.0
           1.7E+01    17.3    5.7E+02     569.4   304.0   217.0
           1.9E+01    18.6    2.3E+02     225.8   301.0   215.0
           1.4E+01    13.6    4.9E+02     489.2   300.0   214.0
           1.5E+01    15.5    1.9E+02     187.1   300.0   212.0
           9.9E+00     9.9    9.9E+01      99.3   302.0   214.0
           1.1E+01    11.1    3.9E+02     390.3   307.0   215.0
           1.8E+01    18.0    1.9E+01      18.8   306.0   212.0
           8.7E+00     8.7    2.9E+02     293.3   305.0   211.0
           9.3E+00     9.3    1.5E+02     150.7   304.0   215.0
           2.2E+01    21.7    8.2E+02     824.3   305.0   226.0
           1.4E+01    14.2    6.2E+02     622.6   307.0   227.0
           2.2E+01    21.7    8.4E+02     843.1   308.0   227.0
           2.1E+01    21.1    7.9E+02     791.3   307.0   224.0
           1.8E+01    18.0    8.2E+01      82.0   309.0   222.0
           1.7E+01    16.7    8.4E+02     835.1   310.0   223.0
           1.2E+01    12.4    4.7E+02     467.8   311.0   225.0
           2.4E+01    24.1    1.3E+03    1303.2   312.0   222.0
           1.7E+01    16.7    6.8E+02     683.2   312.0   220.0
           2.4E+01    23.5    1.9E+02     189.0   313.0   220.0
           2.0E+01    20.4    1.1E+02     113.5   314.0   219.0
           1.7E+01    17.3    2.8E+02     280.7   314.0   217.0
           1.7E+01    16.7    1.5E+02     154.9   312.0   217.0
           1.4E+01    14.2    5.9E+02     588.9   312.0   215.0
           1.5E+01    15.5    3.0E+02     299.4   307.0   215.0
           1.5E+01    14.9    3.4E+02     337.4   310.0   219.0
           2.6E+01    26.0    3.5E+02     354.3   316.0   221.0
           9.9E+00     9.9    1.1E+02     111.6   316.0   225.0
           1.7E+01    16.7    2.8E+02     283.7   316.0   227.0
           2.0E+01    20.4    1.5E+02     152.6   320.0   226.0
           9.3E+00     9.3    1.6E+02     159.1   322.0   226.0
           2.0E+01    19.8    2.9E+02     289.9   321.0   224.0
           2.0E+01    19.8    8.1E+02     814.7   322.0   221.0
           2.4E+01    23.5    3.0E+02     304.8   321.0   220.0
           1.5E+01    15.5    5.1E+02     507.2   320.0   222.0
           2.3E+01    22.9    7.1E+02     707.0   320.0   219.0
           1.9E+01    18.6    1.3E+02     133.4   321.0   218.0
           1.4E+01    14.2    4.2E+00       4.2   323.0   219.0
           1.6E+01    16.1    3.8E+01      38.3   324.0   216.0
           2.0E+01    19.8    9.0E+02     896.0   325.0   215.0
           2.1E+01    21.1    3.7E+02     369.6   325.0   227.0
           1.8E+01    18.0    1.1E+03    1117.2   326.0   224.0
           2.1E+01    21.1    2.8E+02     284.1   322.0   214.0
           2.0E+01    20.4    8.1E+02     805.5   322.0   212.0
           2.7E+01    26.6    4.5E+02     445.5   319.0   214.0
           1.2E+01    12.4    4.3E+02     430.2   317.0   214.0
           1.9E+01    18.6    2.6E+02     262.2   314.0   213.0
           2.2E+01    21.7    2.1E+02     214.3   314.0   211.0
           2.6E+01    26.0    4.7E+02     466.2   317.0   212.0
           1.7E+01    17.3    3.5E+02     350.4   318.0   211.0
           1.9E+01    18.6    3.9E+02     387.2   322.0   210.0
           1.2E+01    12.4    3.4E+02     335.1   321.0   209.0
           1.2E+01    11.8    2.1E+02     208.6   324.0   207.0
           2.4E+01    23.5    8.0E+02     804.8   325.0   209.0
           1.8E+01    18.0    3.1E+02     307.1   322.0   205.0
           2.3E+01    22.9    2.9E+02     289.5   317.0   205.0
           1.2E+01    12.4    2.1E+02     212.4   315.0   206.0
           1.1E+01    10.5    3.4E+02     339.3   313.0   207.0
           2.0E+01    20.4    5.5E+02     549.8   312.0   202.0
           1.4E+01    14.2    1.0E+02     104.3   315.0   201.0
           1.5E+01    15.5    2.1E+02     214.3   316.0   203.0
           1.9E+01    18.6    8.7E+02     868.0   325.0   200.0
           1.1E+01    10.5    2.4E+02     243.5   311.0   205.0
           2.7E+01    26.6    9.6E+01      96.2   311.0   203.0
           6.8E+00     6.8    1.9E+02     186.7   310.0   202.0
           7.4E+00     7.4    1.7E+02     172.1   310.0   205.0
           1.5E+01    15.5    4.7E+02     474.7   311.0   209.0
           1.4E+01    14.2    1.5E+00       1.5   310.0   211.0
           1.5E+01    15.5    1.3E+02     135.0   307.0   210.0
           1.7E+01    16.7    2.8E+02     275.7   307.0   207.0
           2.1E+01    21.1    5.0E+01      49.8   307.0   204.0
           1.5E+01    15.5    2.2E+02     215.1   307.0   202.0
           1.8E+01    18.0    3.9E+02     390.3   303.0   208.0
           1.5E+01    14.9    9.5E+01      95.1   305.0   208.0
           1.5E+01    15.5    3.8E-01       0.4   299.0   208.0
           2.0E+01    19.8    8.5E+01      85.5   299.0   206.0
           1.8E+01    18.0    7.9E+01      78.6   302.0   204.0
           1.4E+01    14.2    1.3E+02     133.8   303.0   205.0
           2.0E+01    20.4    9.4E+01      94.3   303.0   202.0
           2.2E+01    22.3    1.9E+02     194.0   303.0   199.0
           1.5E+01    15.5    9.3E+01      92.8   305.0   201.0
           1.5E+01    14.9    6.5E+01      65.2   303.0   200.0
           1.5E+01    14.9    3.8E+01      37.6   328.0   226.0
           2.0E+01    20.4    1.4E+02     139.2   327.0   225.0
           1.9E+01    19.2    2.2E+02     216.6   330.0   224.0
           1.7E+01    16.7    6.8E+02     680.5   329.0   224.0
           8.0E+00     8.0    2.9E+02     289.5   330.0   227.0
           1.8E+01    18.0    3.4E+02     339.7   332.0   223.0
           1.7E+01    17.3    1.7E+02     171.0   331.0   223.0
           1.9E+01    18.6    7.9E+02     792.5   330.0   222.0
           2.2E+01    21.7    7.1E+02     708.9   334.0   222.0
           1.2E+01    12.4    1.9E+02     185.2   333.0   225.0
           2.0E+01    20.4    5.8E+02     580.1   336.0   216.0
           2.2E+01    21.7    8.4E+02     836.2   335.0   215.0
           2.2E+01    21.7    7.9E+02     786.7   339.0   213.0
           1.4E+01    14.2    5.9E+02     592.0   332.0   217.0
           1.4E+01    13.6    6.2E+02     616.5   330.0   220.0
           1.9E+01    18.6    6.4E+02     638.0   329.0   218.0
           2.4E+01    23.5    6.5E+02     649.5   327.0   220.0
           1.9E+01    19.2    6.2E+02     615.4   328.0   216.0
           1.7E+01    16.7    7.3E+02     727.3   329.0   217.0
           2.4E+01    24.1    4.6E+02     464.3   328.0   214.0
           2.6E+01    26.0    8.1E+02     810.1   331.0   215.0
           2.2E+01    22.3    6.6E+02     657.9   331.0   213.0
           2.1E+01    21.1    7.2E+02     724.6   329.0   212.0
           1.7E+01    16.7    2.5E+02     251.9   328.0   212.0
           1.5E+01    15.5    1.4E+02     142.6   327.0   210.0
           1.7E+01    17.3    2.2E+02     223.9   327.0   207.0
           1.5E+01    14.9    2.4E+02     240.4   328.0   208.0
           1.5E+01    15.5    4.1E+02     410.2   330.0   208.0
           2.0E+01    20.4    5.8E+01      57.5   333.0   206.0
           2.2E+01    22.3    3.4E+02     335.1   332.0   206.0
           2.7E+01    26.6    7.4E+02     740.0   330.0   206.0
           2.0E+01    20.4    4.9E+02     491.1   328.0   205.0
           1.5E+01    14.9    2.6E+02     259.2   327.0   203.0
           1.5E+01    14.9    1.1E+02     106.2   334.0   200.0
           1.2E+01    12.4    3.3E+02     332.0   335.0   200.0
           9.9E+00     9.9    1.7E+02     168.3   335.0   202.0
           1.1E+01    10.5    2.5E+02     254.2   338.0   206.0
           1.9E+01    19.2    3.5E+02     352.0   338.0   209.0
           1.8E+01    18.0    3.3E+02     332.0   332.0   211.0
           1.4E+01    14.2    1.6E+02     160.6   327.0   197.0
           1.3E+01    13.0    2.2E+02     221.6   327.0   195.0
           1.5E+01    14.9    1.4E+02     138.8   327.0   195.0
           1.6E+01    16.1    6.3E+02     632.6   328.0   185.0
           2.2E+01    22.3    8.0E+02     796.7   331.0   179.0
           2.4E+01    23.5    3.3E+02     333.9   327.0   181.0
           2.7E+01    27.2    1.2E+00       1.2   330.0   198.0
           2.0E+01    19.8    7.4E+02     736.5   332.0   197.0
           1.6E+01    16.1    4.1E+02     408.3   355.0   191.0
           2.6E+01    26.0    4.6E+02     456.6   298.0   199.0
           2.3E+01    22.9    4.1E+02     412.2   300.0   193.0
           2.1E+01    21.1    1.2E+03    1200.8   303.0   197.0
           1.9E+01    19.2    7.6E+02     763.4   313.0   197.0
           1.7E+01    16.7    1.1E+03    1116.1   313.0   198.0
           1.1E+01    10.5    6.3E+02     627.6   307.0   199.0
           1.6E+01    16.1    4.5E+02     452.4   307.0   193.0
           1.2E+01    11.8    3.4E+02     339.3   309.0   193.0
           7.4E+00     7.4    3.7E+02     373.1   309.0   195.0
           1.8E+01    18.0    9.6E+02     962.0   316.0   190.0
           1.5E+01    14.9    6.8E+02     684.8   319.0   189.0
           1.2E+01    11.8    5.7E+02     572.8   326.0   192.0
           1.4E+01    13.6    6.4E+02     636.1   326.0   197.0
           1.7E+01    16.7    5.4E+02     536.4   321.0   197.0
           2.0E+01    20.4    1.0E+03     995.7   320.0   197.0
           1.1E+01    11.1    3.6E+02     364.2   315.0   172.0
           1.1E+01    10.5    2.0E+02     200.1   307.0   178.0
           2.5E+01    24.8    9.5E+02     948.2   307.0   192.0
           1.3E+01    13.0    5.4E+02     544.8   319.0   188.0
           3.2E+01    32.2    9.4E+02     935.1   316.0   189.0
           2.7E+01    26.6    3.8E+02     384.9   230.0   154.0
           2.5E+01    24.8    2.3E+02     233.9   259.0   153.0
           2.7E+01    27.2    1.3E+03    1345.7   309.0   158.0
           1.7E+01    16.7    1.6E+01      16.5   350.0   158.0
           2.0E+01    19.8    5.9E+02     593.9   333.0   169.0
           4.5E+01    45.2    8.9E+02     888.3   370.0   138.0
           4.3E+01    43.3    6.6E+02     659.5   292.0   283.0
           1.6E+01    16.1    1.8E+02     176.7   191.0   295.0
           1.7E+01    17.3    1.7E+02     168.3   262.0   313.0
           1.8E+01    18.0    7.2E+01      72.1   304.0   292.0
           2.8E+01    27.9    3.4E+02     340.8   317.0   292.0
           2.5E+01    24.8    1.3E+02     128.4   351.0   304.0
           2.3E+01    22.9    3.6E+02     358.1   344.0   301.0
           1.2E+01    12.4    2.6E+02     264.9   328.0   290.0
           1.2E+01    11.8    1.5E+02     145.3   339.0   288.0
           1.7E+01    17.3    3.5E+02     345.4   336.0   287.0
           1.4E+01    14.2    1.0E+02     102.8   338.0   291.0
           1.2E+01    12.4    3.2E+02     320.9   341.0   290.0
           1.1E+01    10.5    2.2E+02     216.2   343.0   292.0
           1.5E+01    15.5    2.4E+02     236.9   338.0   297.0
           1.4E+01    14.2    1.1E+02     109.7   334.0   298.0
           1.2E+01    11.8    2.6E+02     259.9   349.0   293.0
           9.9E+00     9.9    4.6E+00       4.6   350.0   296.0
           2.0E+01    19.8    5.7E+02     572.4   348.0   298.0
           2.0E+01    20.4    4.4E+02     439.8   353.0   298.0
           2.1E+01    21.1    6.2E+02     620.0   354.0   296.0
           1.9E+01    18.6    6.7E+02     666.0   352.0   301.0
           1.2E+01    12.4    5.6E+01      56.4   355.0   302.0
           9.3E+00     9.3    1.4E+02     141.9   355.0   309.0
           1.4E+01    14.2    1.7E+02     168.7   356.0   301.0
           2.1E+01    21.1    4.2E+02     424.0   357.0   298.0
           1.6E+01    16.1    4.4E+02     435.5   358.0   300.0
           1.1E+01    10.5    3.2E+01      31.8   361.0   301.0
           8.7E+00     8.7    2.1E+02     213.2   361.0   304.0
           6.8E+00     6.8    3.3E+02     328.6   360.0   307.0
           1.3E+01    13.0    1.4E+02     136.9   366.0   308.0
           1.4E+01    13.6    5.1E+02     511.8   369.0   312.0
           1.2E+01    12.4    4.8E+02     481.6   369.0   309.0
           1.2E+01    12.4    4.4E+02     437.8   364.0   304.0
           1.3E+01    13.0    8.1E+02     813.6   374.0   311.0
           1.8E+01    18.0    8.7E+02     866.1   376.0   324.0
           2.4E+01    23.5    3.8E+02     378.8   378.0   316.0
           1.2E+01    11.8    2.0E+02     195.5   375.0   318.0
           2.6E+01    26.0    5.0E+01      50.2   391.0   326.0
           2.2E+01    22.3    2.7E+02     270.7   396.0   352.0

     Mean   17    17.4      390     389.8   318   227
