
ULP Computer Microscope

Stucture reference data file IDT.DAT - 

Written at 04/04/2009 on 13:22

2 cell types considered

     Integer units are pixels, Floating point units are micron

     Cell Type Outline  (11)

            Perimeter           Area         C of G

           7.1E+03   7127.7    2.9E+06   2886021.8   533.0   143.0
           3.8E+03   3844.0    1.3E+06   1340626.7   605.0   420.0
           3.1E+02   312.1    4.6E+03    4627.5   514.0   320.0
           5.9E+02   588.7    5.3E+03    5331.7   329.0   314.0
           1.3E+03   1255.3    8.7E+04   86967.5   532.0   340.0
           5.5E+03   5496.5    3.6E+06   3552286.1   499.0   614.0
           4.5E+03   4531.9    2.3E+06   2273879.6   207.0   640.0
           4.1E+03   4106.4    1.7E+05   165484.6    -5.0   490.0
           4.3E+03   4276.6    2.1E+06   2106433.3   106.0   290.0
           4.2E+03   4227.0    1.5E+06   1521050.2    95.0    72.0
           4.6E+03   4567.4    2.6E+05   261254.5   253.0    -2.0

     Mean 3667   3666.7   1291269   1291269.4   333   331

     Cell Type Rhodamine  (175)

            Perimeter           Area         C of G

           3.1E+01    31.0    6.7E+02     674.0   634.0   189.0
           2.4E+01    23.5    3.4E+02     339.7   636.0   187.0
           1.5E+01    15.5    6.6E+02     658.7   640.0   191.0
           1.1E+01    10.5    2.9E+01      29.1   637.0   179.0
           1.9E+01    19.2    5.4E+02     542.9   639.0   180.0
           1.7E+01    16.7    2.0E+02     195.9   639.0   175.0
           2.9E+01    29.1    8.3E+02     826.6   614.0   197.0
           2.4E+01    23.5    1.3E+02     126.9   620.0   197.0
           1.5E+01    14.9    2.0E+02     204.7   623.0   191.0
           2.2E+01    21.7    1.4E+02     142.6   605.0   180.0
           1.8E+01    18.0    4.2E+02     421.7   607.0   178.0
           2.2E+01    22.3    5.0E+02     499.2   605.0   176.0
           1.9E+01    19.2    5.2E+02     518.4   617.0   179.0
           1.9E+01    18.6    8.1E+01      80.9   615.0   176.0
           2.5E+01    24.8    5.4E+02     537.1   616.0   176.0
           1.3E+01    13.0    2.7E+02     271.4   617.0   175.0
           2.7E+01    27.2    2.1E+02     210.9   619.0   172.0
           1.9E+01    18.6    2.1E+02     213.2   622.0   175.0
           2.0E+01    20.4    3.5E+02     353.9   622.0   180.0
           1.8E+01    18.0    6.7E+01      67.1   623.0   177.0
           1.4E+01    14.2    3.1E+02     310.9   627.0   176.0
           3.4E+01    34.1    2.4E+02     244.2   611.0   186.0
           2.5E+01    24.8    1.8E+02     176.0   606.0   184.0
           3.7E+01    37.2    3.9E+01      38.7   608.0   171.0
           2.7E+01    26.6    2.2E+02     217.8   597.0   192.0
           2.7E+01    26.6    2.1E+02     208.2   583.0   175.0
           2.3E+01    22.9    1.0E+01      10.4   579.0   172.0
           2.6E+01    26.0    2.3E+02     232.7   587.0   175.0
           3.0E+01    29.7    1.2E+02     122.3   534.0   145.0
           2.5E+01    24.8    5.0E+02     501.9   571.0   165.0
           1.5E+01    15.5    8.4E+01      84.3   566.0   155.0
           6.8E+00     6.8    3.4E+01      33.7   556.0   150.0
           1.5E+01    14.9    1.3E+01      12.7   564.0   165.0
           1.4E+01    14.2    4.8E+02     481.2   563.0   167.0
           2.0E+01    20.4    2.0E+02     198.6   603.0   170.0
           2.5E+01    24.8    1.5E+03    1464.2   598.0   171.0
           2.0E+01    20.4    6.4E+02     639.9   596.0   167.0
           2.3E+01    22.9    3.2E+02     316.7   593.0   164.0
           1.8E+01    18.0    9.5E+02     951.2   601.0   167.0
           3.5E+01    34.7    2.7E+02     274.9   601.0   163.0
           1.9E+01    19.2    1.3E+01      13.4   601.0   156.0
           1.9E+01    18.6    4.4E+02     441.7   603.0   154.0
           2.9E+01    29.1    4.5E+02     451.6   604.0   146.0
           1.7E+01    17.3    7.4E+02     736.1   595.0   149.0
           3.3E+01    32.8    6.4E+02     640.3   592.0   146.0
           1.5E+01    14.9    3.1E+00       3.1   587.0   147.0
           2.4E+01    23.5    1.5E+00       1.5   583.0   146.0
           1.5E+01    15.5    2.7E+02     271.8   583.0   142.0
           3.8E+01    38.4    3.0E+02     299.1   581.0   162.0
           3.0E+01    29.7    3.5E+00       3.5   591.0   156.0
           2.4E+01    24.1    2.8E+02     277.6   592.0   158.0
           2.6E+01    26.0    3.8E+02     376.5   595.0   160.0
           2.0E+01    19.8    2.6E+02     261.9   579.0   148.0
           2.2E+01    22.3    1.8E+02     177.5   577.0   148.0
           1.6E+01    16.1    2.6E+02     257.6   585.0   153.0
           1.4E+01    13.6    8.5E+01      84.7   605.0   167.0
           1.8E+01    18.0    9.0E+02     902.9   610.0   168.0
           2.2E+01    21.7    1.1E+03    1137.2   615.0   164.0
           2.2E+01    21.7    8.1E+02     813.2   613.0   163.0
           1.6E+01    16.1    2.7E+02     273.4   616.0   162.0
           1.4E+01    14.2    6.3E+02     628.0   618.0   165.0
           1.4E+01    14.2    3.2E+02     322.1   608.0   160.0
           1.6E+01    16.1    2.7E+02     274.1   605.0   161.0
           1.5E+01    15.5    1.0E+02     103.9   607.0   153.0
           2.2E+01    21.7    7.5E+02     751.1   608.0   156.0
           3.3E+01    33.4    2.9E+02     290.6   616.0   152.0
           1.8E+01    18.0    2.0E+02     197.5   608.0   145.0
           1.2E+01    12.4    1.3E+02     127.3   609.0   143.0
           2.5E+01    25.4    4.1E+02     411.0   612.0   143.0
           2.6E+01    26.0    7.9E+02     787.5   625.0   145.0
           2.2E+01    21.7    1.2E+02     119.6   625.0   150.0
           1.7E+01    17.3    1.4E+02     144.2   625.0   153.0
           1.4E+01    14.2    2.9E+02     289.9   623.0   154.0
           1.2E+01    11.8    4.2E+01      42.2   623.0   156.0
           2.5E+01    25.4    1.1E+03    1074.3   629.0   153.0
           1.7E+01    16.7    8.2E+01      82.4   631.0   151.0
           1.8E+01    18.0    4.5E+02     446.3   631.0   149.0
           1.9E+01    18.6    4.8E+02     483.1   632.0   154.0
           3.2E+01    31.6    4.9E+02     491.1   626.0   163.0
           2.5E+01    25.4    5.0E+02     498.8   631.0   163.0
           2.3E+01    22.9    3.7E+02     367.7   643.0   165.0
           2.8E+01    27.9    1.3E+03    1294.8   639.0   167.0
           2.1E+01    21.1    4.8E+02     477.7   637.0   169.0
           2.2E+01    22.3    8.4E+00       8.4   638.0   164.0
           2.5E+01    24.8    4.1E+02     407.2   638.0   162.0
           2.5E+01    24.8    6.1E+02     605.8   635.0   162.0
           1.4E+01    14.2    2.8E+01      27.6   634.0   157.0
           1.9E+01    18.6    3.3E+02     326.7   636.0   148.0
           1.5E+01    15.5    1.4E+02     137.3   635.0   143.0
           1.7E+01    17.3    3.1E+01      30.7   647.0   149.0
           1.2E+01    11.8    1.0E+01      10.0   648.0   150.0
           2.2E+01    21.7    3.2E+02     324.4   647.0   145.0
           2.0E+01    20.4    2.7E+01      26.8   648.0   146.0
           2.4E+01    23.5    1.7E+02     170.6   648.0   154.0
           3.0E+01    29.7    1.0E+03    1011.0   644.0   158.0
           2.2E+01    22.3    1.8E+02     182.1   632.0   159.0
           3.7E+01    36.5    2.6E+02     258.0   648.0   170.0
           1.1E+01    11.1    2.0E+02     200.9   677.0   144.0
           4.1E+01    40.9    4.8E+02     483.1   649.0   140.0
           3.7E+01    37.2    4.5E+02     451.3   635.0   138.0
           3.5E+01    35.3    5.8E+02     580.5   634.0   130.0
           2.1E+01    21.1    4.4E+02     443.6   634.0   126.0
           2.5E+01    24.8    8.1E+01      80.5   647.0   123.0
           2.5E+01    24.8    2.8E+02     284.1   642.0   119.0
           2.3E+01    22.9    1.2E+03    1213.9   621.0   142.0
           1.7E+01    16.7    3.8E+02     378.8   620.0   138.0
           2.2E+01    22.3    7.5E+02     749.2   618.0   133.0
           2.8E+01    27.9    4.4E+02     442.4   623.0   132.0
           2.8E+01    27.9    6.1E+02     613.1   625.0   135.0
           1.7E+01    17.3    2.0E+02     195.9   624.0   140.0
           2.2E+01    21.7    1.5E+02     145.7   628.0   135.0
           2.2E+01    22.3    8.9E+01      89.3   628.0   136.0
           2.5E+01    24.8    7.8E+02     784.4   630.0   138.0
           2.5E+01    24.8    6.4E+02     644.9   618.0   125.0
           1.9E+01    19.2    3.7E+02     374.6   618.0   120.0
           2.7E+01    27.2    4.2E+02     424.0   622.0   118.0
           1.9E+01    19.2    1.9E+02     189.4   627.0   117.0
           2.9E+01    29.1    3.3E+02     326.3   614.0   115.0
           2.7E+01    27.2    4.7E+02     465.8   611.0   124.0
           2.0E+01    20.4    1.3E+02     133.8   607.0   126.0
           2.0E+01    20.4    1.6E+02     164.9   604.0   128.0
           2.5E+01    25.4    4.9E+02     490.4   605.0   131.0
           1.2E+01    11.8    8.9E+01      88.6   604.0   134.0
           1.4E+01    14.2    2.7E+02     270.7   605.0   139.0
           2.2E+01    22.3    7.7E+02     768.0   618.0   129.0
           1.9E+01    19.2    6.0E+02     600.0   613.0   128.0
           2.8E+01    28.5    2.6E+02     255.7   602.0   139.0
           2.2E+01    22.3    1.1E+02     108.9   592.0   137.0
           1.5E+01    15.5    4.3E+02     425.2   588.0   127.0
           2.1E+01    21.1    1.4E+02     135.3   590.0   119.0
           2.7E+01    27.2    7.2E+02     722.7   594.0   122.0
           1.4E+01    14.2    1.2E+02     118.1   601.0   125.0
           2.8E+01    28.5    3.2E+02     323.6   583.0   135.0
           2.2E+01    22.3    7.8E+02     781.0   583.0   142.0
           3.2E+01    32.2    2.8E+01      28.4   574.0   133.0
           2.1E+01    21.1    3.3E+02     327.0   564.0   119.0
           2.2E+01    21.7    5.3E+02     531.0   558.0   141.0
           2.8E+01    28.5    3.2E+02     317.8   546.0   126.0
           3.2E+01    31.6    5.6E+02     558.2   530.0   129.0
           2.6E+01    26.0    8.7E+01      86.6   542.0   109.0
           3.0E+01    29.7    2.1E+02     212.4   526.0   101.0
           1.7E+01    17.3    3.2E+02     318.6   551.0   113.0
           1.5E+01    15.5    3.0E+02     302.9   551.0   106.0
           9.9E+00     9.9    1.2E+02     124.6   563.0    88.0
           1.5E+01    15.5    3.4E+02     343.1   574.0    91.0
           2.0E+01    20.4    3.3E+02     332.0   574.0    87.0
           2.8E+01    28.5    1.0E+03    1019.1   602.0   100.0
           1.8E+01    18.0    2.3E+02     229.3   592.0   106.0
           1.9E+01    19.2    6.6E+02     656.8   588.0   100.0
           2.2E+01    22.3    2.6E+01      26.5   582.0    99.0
           2.2E+01    22.3    5.7E+02     574.7   582.0    96.0
           2.4E+01    24.1    7.5E+02     748.0   579.0   109.0
           2.5E+01    24.8    8.7E+01      87.0   586.0   110.0
           2.1E+01    21.1    1.1E+03    1141.8   607.0   114.0
           1.7E+01    16.7    5.5E+02     549.0   613.0   112.0
           2.0E+01    20.4    6.9E+02     686.3   619.0   107.0
           2.1E+01    21.1    6.8E+02     675.6   611.0   104.0
           1.7E+01    17.3    9.5E+01      95.1   615.0    98.0
           2.2E+01    21.7    6.1E+02     608.5   625.0    94.0
           2.3E+01    22.9    9.3E+02     929.4   620.0    98.0
           1.7E+01    17.3    1.1E+02     106.2   631.0    96.0
           8.7E+00     8.7    1.9E+02     193.6   638.0   109.0
           1.7E+01    17.3    5.4E+02     544.4   647.0   105.0
           1.7E+01    17.3    2.3E+02     228.1   636.0    97.0
           3.0E+01    30.3    5.4E+02     535.6   623.0    84.0
           1.1E+01    11.1    4.0E+02     401.4   618.0    77.0
           2.4E+01    24.1    7.7E+02     771.0   596.0    70.0
           2.6E+01    26.0    9.4E+02     937.8   591.0    76.0
           1.7E+01    16.7    4.2E+01      41.8   588.0    73.0
           2.6E+01    26.0    6.6E+02     661.8   591.0    85.0
           1.7E+01    16.7    2.0E+02     201.3   551.0    81.0
           2.3E+01    22.9    9.6E+02     963.1   555.0    82.0
           2.9E+01    29.1    4.0E+02     401.8   512.0    62.0
           2.3E+01    22.9    5.1E+02     509.5   550.0    41.0
           3.8E+01    37.8    9.0E+02     900.2   552.0    33.0

     Mean   22    21.9      388     388.3   607   141

     Cell Type Fluoroscein  (187)

            Perimeter           Area         C of G

           1.7E+01    16.7    1.8E+01      17.6   640.0   176.0
           4.8E+01    47.7    1.2E+01      12.3   611.0   186.0
           2.1E+01    21.1    1.9E+02     191.7   588.0   184.0
           1.7E+01    16.7    1.9E+02     194.0   592.0   182.0
           2.0E+01    19.8    3.9E+02     385.3   590.0   172.0
           1.6E+01    16.1    2.7E+02     267.2   588.0   173.0
           1.4E+01    13.6    9.1E+01      91.2   583.0   173.0
           2.4E+01    23.5    4.1E+01      40.6   587.0   175.0
           2.8E+01    28.5    2.8E+02     282.6   565.0   173.0
           2.2E+01    22.3    1.4E+02     135.7   546.0   176.0
           3.7E+01    37.2    3.4E+02     338.2   522.0   184.0
           2.3E+01    22.9    4.2E+02     416.4   526.0   174.0
           3.1E+01    31.0    6.3E+02     634.1   542.0   153.0
           2.0E+01    19.8    2.7E+02     267.6   555.0   167.0
           2.0E+01    19.8    6.4E+02     639.9   557.0   168.0
           1.6E+01    16.1    1.2E+02     121.2   568.0   161.0
           1.9E+01    18.6    9.0E+01      90.1   571.0   159.0
           2.0E+01    19.8    6.6E+02     656.4   572.0   163.0
           1.7E+01    16.7    4.3E+02     426.0   568.0   166.0
           2.4E+01    24.1    7.7E+02     768.7   572.0   168.0
           1.5E+01    14.9    8.0E+02     798.2   572.0   170.0
           1.9E+01    19.2    2.6E+02     260.3   564.0   167.0
           1.3E+01    13.0    5.4E+01      54.4   564.0   166.0
           2.1E+01    21.1    2.9E+02     288.3   572.0   154.0
           2.1E+01    21.1    4.3E+02     429.8   573.0   156.0
           2.2E+01    22.3    8.2E+02     823.9   575.0   155.0
           1.5E+01    15.5    6.9E+02     688.2   573.0   148.0
           1.3E+01    13.0    1.2E+02     119.2   573.0   145.0
           2.2E+01    22.3    5.3E+02     526.4   568.0   146.0
           1.3E+01    13.0    2.3E+02     233.9   567.0   144.0
           1.2E+01    12.4    1.1E+02     105.8   564.0   151.0
           2.1E+01    21.1    3.8E+02     382.3   568.0   153.0
           2.1E+01    21.1    3.7E+02     372.7   561.0   145.0
           3.4E+01    34.1    2.3E+02     225.8   550.0   153.0
           1.7E+01    16.7    5.6E+01      56.4   575.0   144.0
           2.5E+01    24.8    8.1E+02     813.6   577.0   164.0
           3.0E+01    29.7    1.9E+02     187.5   578.0   161.0
           2.3E+01    22.9    1.3E+02     129.2   577.0   158.0
           1.4E+01    13.6    2.9E+02     291.8   579.0   159.0
           3.2E+01    31.6    6.2E+02     620.3   581.0   162.0
           1.4E+01    13.6    4.0E+02     400.7   584.0   157.0
           1.5E+01    14.9    4.4E+02     444.0   589.0   161.0
           1.2E+01    11.8    6.1E+02     609.6   588.0   166.0
           1.7E+01    16.7    2.7E+02     265.7   578.0   152.0
           2.0E+01    20.4    5.9E+01      58.7   578.0   148.0
           1.1E+01    11.1    8.2E+01      82.4   577.0   148.0
           2.0E+01    20.4    2.4E+02     235.4   583.0   153.0
           2.2E+01    22.3    2.1E+02     206.7   589.0   152.0
           1.2E+01    11.8    3.4E+02     340.8   588.0   151.0
           1.6E+01    16.1    3.0E+02     302.9   586.0   142.0
           2.0E+01    19.8    6.2E+02     620.7   592.0   159.0
           2.1E+01    21.1    2.0E+02     196.7   594.0   162.0
           2.3E+01    22.9    2.0E+02     195.2   595.0   160.0
           2.2E+01    21.7    1.1E+03    1093.1   600.0   163.0
           2.7E+01    26.6    1.9E+00       1.9   604.0   146.0
           1.7E+01    16.7    6.3E+01      62.9   599.0   144.0
           2.5E+01    24.8    1.1E+02     109.3   585.0   160.0
           3.2E+01    31.6    1.7E+02     172.1   622.0   164.0
           3.5E+01    34.7    1.1E+02     108.9   608.0   145.0
           2.0E+01    19.8    1.6E+02     161.8   621.0   155.0
           2.2E+01    21.7    1.3E+02     134.6   676.0   155.0
           2.8E+01    28.5    4.2E+01      41.8   649.0   140.0
           2.2E+01    21.7    1.6E+02     161.4   642.0   119.0
           3.3E+01    32.8    2.7E+02     271.1   624.0   140.0
           1.8E+01    18.0    3.4E+02     341.2   605.0   128.0
           1.8E+01    18.0    4.6E+02     462.4   607.0   138.0
           2.8E+01    27.9    7.0E+02     703.2   578.0   133.0
           1.9E+01    19.2    2.5E+02     251.9   582.0   132.0
           1.8E+01    18.0    6.8E+02     684.8   584.0   134.0
           2.6E+01    26.0    4.4E+02     444.7   583.0   135.0
           3.2E+01    32.2    3.8E+00       3.8   586.0   136.0
           1.8E+01    18.0    5.0E+01      50.2   576.0   141.0
           1.6E+01    16.1    3.1E+02     309.4   594.0   127.0
           1.7E+01    16.7    2.4E+02     243.1   595.0   125.0
           1.9E+01    18.6    3.4E+02     336.2   594.0   122.0
           1.2E+01    12.4    2.5E+02     249.6   604.0   120.0
           1.9E+01    18.6    1.5E+02     146.1   599.0   117.0
           1.8E+01    18.0    6.4E+01      63.6   590.0   115.0
           1.9E+01    18.6    1.2E+02     124.2   590.0   119.0
           1.7E+01    16.7    8.1E+00       8.1   577.0   118.0
           1.7E+01    16.7    1.8E+02     177.1   579.0   116.0
           1.4E+01    13.6    2.6E+02     257.3   576.0   115.0
           2.0E+01    19.8    4.1E+02     408.7   583.0   123.0
           2.4E+01    23.5    5.4E+01      54.4   585.0   128.0
           2.3E+01    22.9    2.9E+02     293.7   601.0   125.0
           3.2E+01    32.2    1.2E+02     122.7   558.0   141.0
           2.0E+01    20.4    1.7E+02     174.1   561.0   140.0
           1.6E+01    16.1    4.2E+02     422.1   563.0   139.0
           2.1E+01    21.1    3.2E+02     316.7   569.0   139.0
           2.2E+01    21.7    8.9E+02     885.7   575.0   139.0
           2.6E+01    26.0    3.3E+02     333.2   574.0   134.0
           1.6E+01    16.1    8.0E+02     802.1   575.0   123.0
           2.1E+01    21.1    6.6E+02     656.0   572.0   122.0
           2.8E+01    27.9    4.5E+02     448.6   568.0   121.0
           2.6E+01    26.0    2.4E+02     235.8   563.0   119.0
           2.6E+01    26.0    3.8E+02     381.1   575.0   117.0
           2.1E+01    21.1    4.1E+02     407.9   554.0   121.0
           2.5E+01    25.4    2.9E+02     285.3   552.0   121.0
           2.4E+01    23.5    6.5E+02     646.4   554.0   124.0
           2.3E+01    22.9    3.4E+02     344.3   558.0   117.0
           3.2E+01    31.6    5.0E+02     498.4   550.0   116.0
           1.3E+01    13.0    2.5E+01      24.5   553.0   130.0
           2.1E+01    21.1    7.2E+02     719.3   557.0   134.0
           1.5E+01    14.9    2.4E+02     237.3   549.0   134.0
           1.9E+01    19.2    5.1E+02     508.4   552.0   138.0
           2.0E+01    20.4    9.2E+01      92.4   560.0   140.0
           2.1E+01    21.1    3.6E+01      36.0   522.0   134.0
           2.0E+01    19.8    5.5E+02     547.1   524.0   138.0
           2.6E+01    26.0    5.2E+02     519.9   535.0   122.0
           2.7E+01    27.2    6.2E+02     624.2   539.0   120.0
           3.5E+01    34.7    7.8E+02     784.4   539.0   116.0
           1.8E+01    18.0    6.2E+01      61.7   507.0   117.0
           2.0E+01    20.4    6.1E+02     612.7   505.0   136.0
           2.9E+01    29.1    1.1E+03    1124.5   516.0   114.0
           2.4E+01    23.5    2.7E+02     266.5   512.0   108.0
           1.7E+01    16.7    5.2E+02     516.4   512.0    93.0
           1.1E+01    11.1    3.2E+02     319.0   515.0    90.0
           2.5E+01    24.8    6.2E+02     619.2   544.0    99.0
           9.9E+00     9.9    3.2E+02     322.1   542.0   105.0
           2.1E+01    21.1    1.8E+02     179.8   536.0    96.0
           2.6E+01    26.0    2.0E+02     200.1   533.0   102.0
           2.5E+01    24.8    7.0E+02     703.9   530.0   104.0
           4.1E+01    40.9    8.9E+02     892.9   527.0   101.0
           3.3E+01    33.4    7.8E+02     778.3   527.0    89.0
           3.8E+01    37.8    1.7E+02     173.7   536.0   111.0
           2.8E+01    27.9    4.6E+02     457.0   538.0   111.0
           2.8E+01    28.5    8.1E+02     806.7   542.0   110.0
           1.8E+01    18.0    1.0E+03     997.2   575.0   113.0
           1.7E+01    17.3    2.0E+02     199.8   572.0   110.0
           1.6E+01    16.1    3.5E+02     345.8   570.0   110.0
           1.7E+01    16.7    6.5E+02     652.2   568.0   107.0
           1.7E+01    17.3    2.2E+02     217.4   568.0   105.0
           1.5E+01    14.9    4.4E+02     442.1   564.0   104.0
           1.9E+01    19.2    5.7E+02     567.1   564.0   109.0
           2.0E+01    19.8    2.5E+02     253.4   562.0   108.0
           1.5E+01    15.5    2.5E+02     248.8   574.0   106.0
           2.4E+01    23.5    2.0E+02     195.9   572.0    94.0
           2.5E+01    25.4    6.5E+02     654.1   574.0    91.0
           1.8E+01    18.0    5.6E+02     562.8   575.0    88.0
           2.0E+01    20.4    1.8E+02     176.7   557.0    92.0
           1.1E+01    11.1    8.1E+01      80.9   554.0    92.0
           2.2E+01    22.3    2.8E+02     280.3   558.0    87.0
           3.5E+01    34.7    2.9E+02     294.5   553.0    98.0
           2.0E+01    19.8    3.5E+02     351.6   557.0    99.0
           3.8E+01    37.8    3.9E+02     387.2   556.0   101.0
           3.8E+01    37.8    6.0E+02     600.0   554.0   102.0
           1.9E+01    19.2    3.4E+02     343.1   560.0   106.0
           2.5E+01    25.4    6.5E+02     648.7   551.0   106.0
           1.1E+01    11.1    3.9E+02     386.9   551.0   109.0
           1.7E+01    17.3    6.9E+02     691.7   555.0   112.0
           4.0E+01    40.2    4.9E+02     492.3   581.0   106.0
           2.7E+01    26.6    1.5E+02     151.4   587.0   103.0
           1.2E+01    11.8    3.2E+02     320.1   578.0   106.0
           2.7E+01    26.6    1.1E+03    1118.0   593.0   112.0
           3.6E+01    35.9    8.5E+01      84.7   596.0   108.0
           3.9E+01    39.0    8.3E+02     833.1   602.0   101.0
           2.4E+01    23.5    3.6E+02     356.6   578.0    92.0
           3.0E+01    29.7    4.1E+02     406.0   579.0    88.0
           1.4E+01    14.2    9.6E+01      95.9   582.0    96.0
           2.2E+01    21.7    9.8E+01      97.8   587.0    92.0
           2.2E+01    21.7    4.8E+01      48.3   598.0   113.0
           2.6E+01    26.0    6.1E+02     606.9   603.0   110.0
           1.9E+01    18.6    1.9E+02     193.6   605.0   101.0
           1.4E+01    14.2    3.8E+01      38.0   610.0    99.0
           1.6E+01    16.1    3.5E+02     345.1   615.0    98.0
           2.6E+01    26.0    1.3E+03    1308.2   601.0    84.0
           3.0E+01    30.3    1.2E+03    1203.5   598.0    79.0
           1.6E+01    16.1    2.1E+02     209.7   600.0    77.0
           1.9E+01    19.2    7.2E+02     720.0   599.0    65.0
           1.6E+01    16.1    3.6E+02     357.7   579.0    71.0
           1.5E+01    15.5    6.1E+02     609.2   561.0    70.0
           2.2E+01    21.7    4.7E+02     466.2   558.0    84.0
           3.2E+01    31.6    6.9E+02     688.2   555.0    75.0
           2.4E+01    24.1    3.9E+02     391.1   547.0    74.0
           2.0E+01    20.4    2.0E+02     201.7   544.0    64.0
           2.9E+01    29.1    3.7E+02     375.0   531.0    75.0
           1.8E+01    18.0    3.2E+02     323.2   514.0    77.0
           4.0E+01    39.6    3.5E+02     353.5   517.0    83.0
           1.3E+01    13.0    4.9E+02     489.6   506.0    57.0
           2.0E+01    19.8    9.8E+02     984.2   508.0    53.0
           2.5E+01    25.4    1.6E+02     162.2   511.0    36.0
           2.2E+01    21.7    3.9E+02     394.1   516.0    40.0
           2.4E+01    23.5    2.8E+02     283.0   535.0    57.0
           3.8E+01    38.4    1.0E+03    1005.3   529.0    55.0
           3.3E+01    32.8    2.9E+02     294.1   568.0    50.0
           2.3E+01    22.9    5.6E+02     560.5   571.0    46.0
           2.6E+01    26.0    5.5E+02     553.2   555.0    46.0

     Mean   22    22.1      380     380.0   569   124
