Stucture reference data file ALU.DAT - 
Written at 07/11/2008 on 14:53

 Cell types 2

     Cell Type Outline  (4)

           2.8E+02   280.3    5.7E+03    5720.3   441.0   271.0
           1.2E+04   11917.2    7.0E+06   7036796.6   500.0   344.0
           3.3E+03   3286.6    6.1E+05   606272.1   573.0    62.0
           5.1E+03   5076.4    6.6E+05   659458.8   350.0    95.0

     Mean 5140   5140.1   2077062   2077061.9   466   193

     Cell Type Rhodamine  (530)

           4.7E+01    47.1    8.1E+02     814.0   324.0   562.0
           4.3E+01    43.3    1.7E+03    1656.3   320.0   561.0
           3.6E+01    35.9    1.4E+03    1354.2   325.0   558.0
           4.1E+01    40.9    1.2E+03    1236.5   324.0   555.0
           3.2E+01    31.6    6.3E+02     633.0   326.0   553.0
           3.7E+01    36.5    6.4E+02     639.1   324.0   550.0
           3.4E+01    34.1    9.1E+02     912.9   320.0   555.0
           2.9E+01    29.1    7.9E+02     788.3   318.0   554.0
           3.3E+01    33.4    7.5E+02     753.8   314.0   552.0
           4.1E+01    40.9    7.8E+02     775.2   312.0   555.0
           3.6E+01    35.9    9.9E+02     992.6   317.0   551.0
           3.5E+01    35.3    5.5E+02     554.0   320.0   551.0
           3.8E+01    37.8    2.7E+02     273.7   319.0   547.0
           3.0E+01    29.7    5.3E+02     528.3   316.0   547.0
           4.1E+01    41.5    9.3E+02     925.9   309.0   550.0
           3.7E+01    36.5    6.4E+02     641.8   309.0   544.0
           4.5E+01    45.2    8.2E+02     824.7   313.0   542.0
           4.2E+01    42.1    4.3E+02     432.9   316.0   538.0
           3.9E+01    39.0    7.4E+02     736.9   318.0   538.0
           3.2E+01    31.6    5.4E+02     538.3   319.0   534.0
           2.9E+01    29.1    2.6E+02     263.4   321.0   535.0
           2.7E+01    27.2    5.7E+01      56.7   323.0   537.0
           3.0E+01    30.3    3.2E+02     315.2   322.0   538.0
           2.5E+01    25.4    4.9E+02     493.4   322.0   541.0
           3.3E+01    32.8    8.2E+02     823.2   323.0   543.0
           3.2E+01    32.2    5.7E+02     566.7   324.0   539.0
           2.9E+01    29.1    2.6E+02     263.0   325.0   533.0
           3.7E+01    36.5    8.6E+02     860.7   328.0   534.0
           3.2E+01    32.2    5.7E+02     568.2   330.0   532.0
           4.8E+01    48.3    1.4E+03    1391.4   334.0   535.0
           3.2E+01    32.2    2.3E+02     232.0   337.0   533.0
           3.8E+01    38.4    1.1E+03    1059.3   338.0   535.0
           4.0E+01    40.2    1.7E+03    1709.2   336.0   541.0
           2.9E+01    29.1    1.8E+02     182.5   332.0   538.0
           3.1E+01    31.0    1.2E+03    1215.8   332.0   540.0
           3.3E+01    33.4    5.7E+02     566.3   328.0   539.0
           3.8E+01    37.8    5.6E+02     561.7   329.0   541.0
           3.5E+01    35.3    1.1E+03    1054.0   327.0   541.0
           3.3E+01    33.4    6.2E+02     618.4   326.0   539.0
           3.9E+01    39.0    6.4E+02     644.9   326.0   548.0
           3.0E+01    29.7    4.5E+02     445.5   327.0   559.0
           4.1E+01    40.9    1.4E+03    1374.5   332.0   560.0
           3.8E+01    38.4    1.6E+03    1608.0   334.0   562.0
           2.9E+01    29.1    1.1E+03    1067.4   334.0   560.0
           2.8E+01    27.9    1.3E+03    1326.2   334.0   558.0
           2.5E+01    25.4    7.4E+02     736.1   335.0   555.0
           3.2E+01    32.2    5.3E+02     534.5   336.0   553.0
           4.1E+01    41.5    1.0E+03    1049.0   332.0   556.0
           4.3E+01    42.7    1.9E+03    1894.0   336.0   559.0
           3.5E+01    34.7    5.1E+02     509.2   338.0   558.0
           3.5E+01    35.3    1.7E+03    1659.4   339.0   561.0
           4.1E+01    41.5    1.4E+03    1358.4   336.0   537.0
           3.7E+01    36.5    6.3E+02     634.5   317.0   533.0
           5.1E+01    51.4    1.7E+03    1675.9   458.0   556.0
           3.9E+01    39.0    1.1E+03    1064.3   454.0   552.0
           4.3E+01    43.3    1.7E+03    1711.1   460.0   550.0
           3.2E+01    32.2    1.3E+03    1307.4   462.0   555.0
           3.2E+01    31.6    9.1E+02     906.0   448.0   560.0
           4.8E+01    48.3    2.4E+02     241.2   441.0   559.0
           3.2E+01    31.6    3.1E+01      31.1   432.0   560.0
           3.3E+01    32.8    8.8E+02     876.5   433.0   562.0
           4.4E+01    44.0    1.1E+03    1128.7   435.0   553.0
           3.8E+01    37.8    8.4E+02     842.0   435.0   549.0
           4.4E+01    44.0    9.3E+02     933.2   437.0   551.0
           4.5E+01    44.6    1.3E+03    1349.6   442.0   551.0
           3.9E+01    39.0    6.1E+02     611.5   444.0   550.0
           4.1E+01    41.5    9.0E+02     901.0   440.0   546.0
           3.7E+01    37.2    7.0E+02     695.5   440.0   544.0
           3.6E+01    35.9    7.6E+02     763.7   445.0   544.0
           3.2E+01    32.2    4.4E+02     438.2   437.0   538.0
           3.6E+01    35.9    1.2E+02     119.6   434.0   539.0
           3.5E+01    34.7    4.8E+02     481.6   437.0   544.0
           3.5E+01    34.7    5.9E+02     590.4   441.0   538.0
           4.3E+01    42.7    8.8E+02     884.9   443.0   539.0
           3.0E+01    30.3    7.1E+02     712.4   446.0   537.0
           3.2E+01    32.2    5.3E+02     531.0   438.0   535.0
           3.7E+01    37.2    2.9E+02     288.7   436.0   532.0
           3.2E+01    31.6    2.0E+02     196.3   442.0   532.0
           3.6E+01    35.9    3.3E+02     332.8   432.0   535.0
           3.6E+01    35.9    6.4E+02     639.1   447.0   532.0
           4.1E+01    41.5    1.4E+03    1414.8   453.0   540.0
           3.6E+01    35.9    8.5E+02     849.6   452.0   536.0
           4.8E+01    47.7    1.5E+03    1452.3   449.0   544.0
           3.5E+01    35.3    7.3E+02     732.7   452.0   545.0
           3.0E+01    29.7    9.3E+02     929.8   453.0   547.0
           3.3E+01    32.8    9.2E+02     920.2   459.0   546.0
           3.1E+01    31.0    1.1E+03    1077.7   458.0   544.0
           3.3E+01    33.4    9.7E+02     969.2   460.0   540.0
           3.2E+01    31.6    1.0E+03    1010.6   457.0   540.0
           3.7E+01    36.5    1.4E+03    1420.5   455.0   545.0
           3.2E+01    32.2    5.1E+02     506.5   439.0   557.0
           4.5E+01    45.2    1.7E+03    1659.0   520.0   554.0
           4.0E+01    39.6    1.2E+03    1245.7   522.0   552.0
           3.5E+01    34.7    1.3E+03    1325.4   520.0   549.0
           4.9E+01    48.9    1.2E+03    1172.8   517.0   550.0
           3.5E+01    35.3    8.4E+02     837.7   523.0   546.0
           4.1E+01    41.5    1.6E+03    1600.7   520.0   544.0
           3.6E+01    35.9    1.6E+03    1562.0   522.0   542.0
           3.5E+01    34.7    1.4E+03    1427.0   524.0   540.0
           3.8E+01    38.4    3.4E+02     343.1   516.0   536.0
           4.3E+01    43.3    7.6E+02     761.4   513.0   536.0
           4.1E+01    41.5    1.0E+03    1038.6   517.0   539.0
           4.2E+01    42.1    1.1E+03    1060.5   511.0   545.0
           4.2E+01    42.1    7.7E+02     767.2   512.0   547.0
           4.7E+01    47.1    1.5E+03    1546.3   511.0   551.0
           2.5E+01    25.4    7.9E+02     787.1   508.0   547.0
           4.3E+01    42.7    1.2E+03    1188.5   506.0   542.0
           3.3E+01    32.8    8.0E+01      80.1   495.0   544.0
           3.9E+01    39.0    3.7E+02     373.1   496.0   549.0
           3.4E+01    34.1    3.8E+02     382.3   504.0   551.0
           3.1E+01    31.0    4.0E+02     395.3   508.0   553.0
           3.5E+01    34.7    5.1E+02     512.2   508.0   556.0
           2.7E+01    26.6    2.5E+02     252.7   505.0   558.0
           3.0E+01    29.7    8.4E+02     843.1   497.0   559.0
           3.7E+01    36.5    6.8E+02     683.2   504.0   563.0
           4.6E+01    45.8    6.1E+02     609.6   505.0   533.0
           4.3E+01    43.3    3.5E+02     351.2   494.0   535.0
           4.5E+01    44.6    2.5E+02     251.9   494.0   546.0
           2.8E+01    28.5    8.1E+01      80.9   505.0   546.0
           4.1E+01    40.9    1.0E+03    1041.3   503.0   540.0
           6.0E+01    60.1    2.3E+03    2251.3   337.0   498.0
           3.5E+01    35.3    1.0E+03    1003.4   333.0   497.0
           3.7E+01    36.5    6.3E+02     625.3   334.0   494.0
           5.0E+01    50.2    1.1E+03    1142.9   335.0   489.0
           3.5E+01    35.3    4.3E+02     431.3   333.0   492.0
           4.3E+01    42.7    1.8E+03    1775.5   331.0   493.0
           4.3E+01    42.7    8.0E+02     802.8   326.0   489.0
           4.1E+01    40.9    9.6E+02     960.0   327.0   486.0
           3.7E+01    37.2    1.5E+03    1502.2   326.0   495.0
           3.7E+01    36.5    5.4E+02     536.0   330.0   498.0
           3.1E+01    31.0    9.3E+02     926.7   332.0   499.0
           3.0E+01    30.3    2.8E+02     278.7   323.0   491.0
           3.2E+01    32.2    1.5E+01      15.3   321.0   496.0
           3.8E+01    38.4    7.7E+02     768.0   318.0   497.0
           4.8E+01    48.3    1.8E+03    1767.9   317.0   494.0
           3.1E+01    31.0    4.0E+02     398.7   319.0   487.0
           4.4E+01    44.0    1.2E+03    1180.9   320.0   486.0
           2.2E+01    21.7    3.9E+02     385.7   320.0   482.0
           3.3E+01    33.4    4.3E+02     426.7   316.0   481.0
           5.7E+01    57.0    4.6E+02     456.2   311.0   484.0
           4.7E+01    47.1    9.2E+02     923.2   309.0   480.0
           2.5E+01    25.4    3.0E+02     298.3   312.0   478.0
           2.7E+01    27.2    3.9E+02     393.8   312.0   473.0
           2.5E+01    24.8    4.1E+02     410.2   314.0   472.0
           3.1E+01    31.0    3.9E+02     386.5   318.0   472.0
           2.5E+01    25.4    5.1E+02     512.2   323.0   473.0
           3.3E+01    33.4    7.4E+02     742.7   325.0   471.0
           4.4E+01    44.0    1.2E+03    1218.1   328.0   471.0
           2.8E+01    27.9    6.1E+02     614.6   330.0   470.0
           3.5E+01    34.7    6.4E+02     637.6   328.0   474.0
           2.6E+01    26.0    8.2E+02     818.2   332.0   475.0
           3.0E+01    29.7    8.3E+02     825.5   333.0   475.0
           3.1E+01    31.0    3.9E+02     390.3   331.0   480.0
           3.2E+01    32.2    8.4E+02     840.4   333.0   483.0
           3.8E+01    37.8    9.1E+02     906.0   325.0   483.0
           4.1E+01    40.9    6.4E+02     643.0   322.0   478.0
           3.0E+01    29.7    3.2E+02     319.4   312.0   481.0
           3.1E+01    31.0    5.9E+02     589.7   336.0   472.0
           3.5E+01    35.3    9.9E+02     988.4   325.0   476.0
           1.5E+01    15.5    5.0E+02     504.6   337.0   480.0
           2.9E+01    29.1    3.2E+02     319.8   336.0   483.0
           5.3E+01    52.6    1.7E+03    1670.5   328.0   492.0
           3.7E+01    36.5    9.5E+02     948.5   317.0   499.0
           3.5E+01    34.7    2.3E+02     229.7   308.0   489.0
           2.6E+01    26.0    4.4E+02     438.6   316.0   472.0
           3.8E+01    38.4    1.0E+03    1006.8   308.0   498.0
           4.5E+01    45.2    1.1E+03    1142.9   372.0   499.0
           2.8E+01    27.9    3.9E+02     393.4   372.0   496.0
           3.7E+01    36.5    3.4E+02     343.5   370.0   492.0
           3.2E+01    31.6    3.0E+02     302.5   371.0   490.0
           3.9E+01    39.0    3.2E+02     316.7   371.0   485.0
           4.2E+01    42.1    1.5E+02     151.1   374.0   482.0
           3.8E+01    37.8    8.2E+02     822.0   376.0   488.0
           3.7E+01    36.5    6.0E+02     602.7   376.0   491.0
           3.2E+01    32.2    4.4E+02     436.3   376.0   494.0
           2.5E+01    25.4    8.7E+02     867.3   373.0   491.0
           3.7E+01    36.5    7.7E+02     768.0   381.0   497.0
           3.8E+01    38.4    5.9E+02     585.8   380.0   494.0
           3.0E+01    30.3    1.1E+03    1126.4   379.0   493.0
           3.5E+01    35.3    5.4E+02     540.2   380.0   492.0
           3.8E+01    37.8    7.4E+02     741.9   378.0   488.0
           3.2E+01    32.2    9.0E+02     897.9   380.0   486.0
           3.0E+01    29.7    5.8E+02     577.0   382.0   487.0
           3.5E+01    34.7    7.3E+02     727.3   382.0   490.0
           3.4E+01    34.1    5.7E+02     566.3   387.0   495.0
           3.6E+01    35.9    5.9E+02     590.8   389.0   499.0
           3.0E+01    30.3    6.6E+02     661.4   391.0   495.0
           4.8E+01    47.7    1.3E+03    1281.3   389.0   494.0
           3.3E+01    32.8    1.2E+03    1248.7   389.0   492.0
           4.9E+01    48.9    7.2E+02     717.0   389.0   488.0
           6.4E+01    64.4    1.4E+03    1418.6   392.0   487.0
           5.8E+01    57.6    1.7E+03    1727.6   394.0   486.0
           3.1E+01    31.0    1.1E+03    1077.4   397.0   486.0
           3.3E+01    32.8    1.4E+03    1399.4   397.0   489.0
           3.5E+01    34.7    1.0E+03    1014.9   399.0   490.0
           4.3E+01    43.3    2.0E+03    2001.7   398.0   499.0
           4.0E+01    40.2    1.2E+03    1157.5   396.0   495.0
           3.0E+01    29.7    1.1E+03    1124.9   395.0   494.0
           4.5E+01    45.2    2.3E+03    2293.9   400.0   498.0
           3.0E+01    30.3    1.2E+03    1221.9   400.0   494.0
           4.0E+01    39.6    7.1E+02     707.8   383.0   484.0
           3.7E+01    36.5    5.2E+02     522.6   384.0   482.0
           4.3E+01    42.7    1.1E+03    1138.3   382.0   480.0
           3.9E+01    39.0    7.0E+02     698.2   383.0   478.0
           3.4E+01    34.1    6.2E+02     616.1   381.0   475.0
           2.7E+01    27.2    2.2E+02     223.9   376.0   475.0
           3.5E+01    34.7    5.6E+02     559.4   376.0   478.0
           3.3E+01    32.8    5.0E+02     497.7   377.0   478.0
           3.7E+01    36.5    3.5E+02     353.5   372.0   480.0
           2.6E+01    26.0    1.6E+02     157.6   370.0   479.0
           3.9E+01    39.0    3.8E+02     378.0   370.0   482.0
           3.0E+01    30.3    2.9E+02     286.8   372.0   474.0
           3.9E+01    39.0    1.2E+02     125.0   369.0   474.0
           3.5E+01    34.7    3.3E+02     329.0   371.0   472.0
           3.1E+01    31.0    2.4E+02     235.8   373.0   470.0
           2.7E+01    27.2    5.0E+02     498.0   384.0   475.0
           3.8E+01    37.8    6.1E+02     606.9   388.0   473.0
           4.2E+01    42.1    7.2E+02     723.9   386.0   476.0
           3.9E+01    39.0    5.5E+02     546.7   385.0   470.0
           2.4E+01    24.1    4.0E+02     403.0   390.0   469.0
           3.3E+01    32.8    7.1E+02     708.9   393.0   471.0
           2.8E+01    27.9    5.3E+02     532.2   394.0   472.0
           2.6E+01    26.0    7.5E+02     747.6   396.0   471.0
           3.7E+01    37.2    6.3E+02     634.1   392.0   476.0
           3.6E+01    35.9    1.1E+03    1136.0   396.0   479.0
           3.7E+01    37.2    1.0E+03    1034.4   395.0   483.0
           4.0E+01    40.2    9.1E+02     908.3   389.0   483.0
           3.7E+01    36.5    5.4E+02     544.8   399.0   477.0
           4.3E+01    42.7    5.2E+02     521.8   432.0   496.0
           5.0E+01    49.5    1.1E+03    1144.8   438.0   500.0
           4.0E+01    39.6    6.7E+02     669.0   442.0   500.0
           3.0E+01    29.7    2.8E+02     284.1   444.0   499.0
           3.3E+01    33.4    1.7E+03    1659.0   446.0   499.0
           3.4E+01    34.1    3.7E+02     370.8   446.0   497.0
           4.0E+01    39.6    8.6E+02     864.2   443.0   494.0
           4.1E+01    41.5    8.4E+02     843.1   440.0   496.0
           4.7E+01    47.1    7.7E+02     773.7   446.0   491.0
           3.5E+01    35.3    1.2E+03    1211.2   448.0   493.0
           4.0E+01    39.6    1.8E+03    1751.0   450.0   490.0
           2.4E+01    23.5    8.6E+02     865.0   450.0   488.0
           2.8E+01    27.9    1.1E+03    1062.4   448.0   488.0
           3.7E+01    36.5    1.7E+03    1678.9   453.0   489.0
           4.1E+01    41.5    8.0E+02     797.9   451.0   485.0
           4.3E+01    43.3    7.3E+02     729.6   438.0   485.0
           3.5E+01    34.7    1.2E+01      11.9   435.0   483.0
           4.3E+01    43.3    7.7E+02     773.3   439.0   477.0
           3.8E+01    37.8    4.3E+02     433.2   433.0   476.0
           3.2E+01    32.2    3.6E+02     365.0   436.0   473.0
           3.8E+01    38.4    5.3E+02     532.2   442.0   471.0
           3.2E+01    31.6    6.2E+02     621.1   445.0   471.0
           3.8E+01    38.4    3.7E+02     368.4   448.0   474.0
           4.8E+01    48.3    4.7E+02     472.4   450.0   479.0
           3.9E+01    39.0    1.5E+03    1519.0   457.0   479.0
           4.6E+01    46.4    1.5E+03    1476.1   457.0   476.0
           4.0E+01    40.2    1.1E+03    1146.4   461.0   477.0
           3.7E+01    36.5    1.4E+03    1353.0   460.0   484.0
           3.7E+01    36.5    1.1E+03    1068.2   461.0   486.0
           3.3E+01    32.8    9.3E+02     930.9   460.0   487.0
           2.5E+01    25.4    4.8E+02     478.5   457.0   487.0
           4.0E+01    40.2    1.4E+03    1394.8   456.0   492.0
           3.8E+01    38.4    1.5E+03    1512.9   452.0   494.0
           3.0E+01    30.3    4.6E+02     460.5   460.0   497.0
           3.2E+01    32.2    4.6E+02     458.9   460.0   499.0
           7.2E+01    71.8    1.6E+03    1606.5   508.0   497.0
           5.4E+01    53.9    1.1E+03    1104.2   514.0   500.0
           4.8E+01    47.7    1.4E+03    1393.7   518.0   498.0
           3.1E+01    31.0    7.1E+02     707.0   523.0   498.0
           5.0E+01    49.5    1.5E+03    1523.3   520.0   493.0
           2.4E+01    23.5    2.9E+02     293.3   512.0   488.0
           3.7E+01    36.5    8.0E+02     804.8   512.0   492.0
           5.0E+01    49.5    1.4E+03    1364.9   516.0   487.0
           3.7E+01    37.2    8.8E+02     878.0   509.0   480.0
           3.5E+01    35.3    7.0E+02     697.0   510.0   477.0
           2.9E+01    29.1    1.0E+02     103.9   501.0   476.0
           3.3E+01    33.4    5.8E+02     580.5   500.0   480.0
           3.3E+01    33.4    3.5E+02     351.2   496.0   476.0
           5.0E+01    49.5    3.9E+02     393.8   502.0   471.0
           2.9E+01    29.1    7.1E+01      71.3   512.0   470.0
           3.6E+01    35.9    5.7E+02     568.2   516.0   474.0
           3.9E+01    39.0    7.9E+02     791.7   517.0   476.0
           4.3E+01    43.3    1.5E+03    1471.5   522.0   481.0
           4.3E+01    43.3    8.0E+02     796.7   506.0   495.0
           3.3E+01    32.8    7.7E+02     772.9   501.0   497.0
           4.5E+01    45.2    1.2E+03    1235.3   503.0   500.0
           4.6E+01    45.8    1.1E+03    1085.8   496.0   496.0
           3.8E+01    37.8    4.7E+02     465.8   497.0   489.0
           3.9E+01    39.0    8.6E+02     856.5   507.0   488.0
           4.4E+01    44.0    6.8E+02     681.3   506.0   482.0
           3.8E+01    38.4    7.1E+02     713.9   497.0   483.0
           3.7E+01    36.5    2.2E+02     222.4   560.0   491.0
           4.4E+01    44.0    6.5E+02     650.6   562.0   495.0
           4.6E+01    46.4    5.5E+02     545.6   559.0   499.0
           4.8E+01    47.7    9.2E+02     918.6   563.0   499.0
           4.1E+01    41.5    1.6E+03    1612.6   574.0   491.0
           2.6E+01    26.0    1.1E+02     112.7   572.0   483.0
           3.3E+01    32.8    9.2E+02     923.6   574.0   470.0
           3.3E+01    32.8    8.1E+02     809.4   564.0   483.0
           4.5E+01    44.6    8.0E+02     803.2   630.0   487.0
           4.9E+01    48.9    1.1E+03    1080.8   631.0   494.0
           4.5E+01    45.2    1.5E+03    1474.6   635.0   495.0
           4.0E+01    40.2    9.5E+02     950.5   640.0   495.0
           3.9E+01    39.0    5.3E+02     534.1   647.0   494.0
           3.3E+01    33.4    8.9E+02     886.4   642.0   487.0
           5.0E+01    50.2    8.9E+02     886.8   627.0   478.0
           3.9E+01    39.0    3.9E+02     386.1   620.0   474.0
           3.5E+01    34.7    6.8E+02     678.2   631.0   477.0
           5.1E+01    50.8    6.3E+02     633.8   623.0   499.0
           4.0E+01    40.2    1.5E+03    1480.7   632.0   499.0
           6.4E+01    63.8    2.3E+03    2291.6   638.0   432.0
           3.5E+01    34.7    9.3E+02     934.7   642.0   430.0
           4.8E+01    48.3    9.9E+02     994.2   636.0   413.0
           2.8E+01    28.5    2.3E+02     228.1   629.0   413.0
           4.1E+01    41.5    2.0E+02     202.8   621.0   426.0
           3.4E+01    34.1    3.9E+02     388.4   620.0   418.0
           3.6E+01    35.9    1.3E+03    1340.0   577.0   426.0
           3.5E+01    34.7    5.4E+02     540.6   580.0   419.0
           2.5E+01    25.4    1.4E+02     137.6   561.0   431.0
           3.8E+01    37.8    7.3E+02     730.4   566.0   438.0
           4.4E+01    44.0    8.9E+02     889.9   519.0   436.0
           5.4E+01    53.9    3.2E+02     321.7   509.0   432.0
           3.9E+01    39.0    1.5E+03    1481.1   505.0   434.0
           4.6E+01    45.8    1.5E+03    1477.2   509.0   429.0
           3.7E+01    36.5    1.3E+03    1279.8   514.0   428.0
           3.7E+01    37.2    6.4E+02     640.3   514.0   424.0
           5.8E+01    58.2    1.4E+03    1394.8   500.0   423.0
           5.4E+01    53.9    1.4E+03    1412.5   498.0   428.0
           4.5E+01    45.2    4.4E+02     444.4   501.0   415.0
           4.3E+01    42.7    9.3E+02     931.7   506.0   414.0
           3.7E+01    36.5    1.0E+03    1044.4   510.0   415.0
           2.7E+01    26.6    4.8E+02     480.8   511.0   412.0
           5.0E+01    49.5    8.5E+02     850.8   513.0   417.0
           3.8E+01    38.4    1.1E+03    1110.7   519.0   408.0
           4.6E+01    45.8    2.0E+02     195.9   434.0   434.0
           4.3E+01    42.7    7.8E+02     776.4   438.0   429.0
           4.0E+01    39.6    1.2E+03    1205.4   441.0   435.0
           3.1E+01    31.0    2.7E+02     271.8   435.0   425.0
           3.3E+01    33.4    5.6E+02     555.6   433.0   424.0
           3.3E+01    33.4    7.9E+02     794.4   433.0   423.0
           4.4E+01    44.0    6.0E+02     601.2   438.0   419.0
           3.7E+01    36.5    8.4E+02     836.6   443.0   421.0
           4.9E+01    48.9    9.7E+02     971.9   441.0   416.0
           3.9E+01    39.0    6.0E+02     597.3   441.0   411.0
           4.8E+01    47.7    2.3E+02     230.0   436.0   409.0
           3.3E+01    33.4    4.8E+02     483.5   455.0   414.0
           3.2E+01    31.6    1.0E+03    1034.0   448.0   424.0
           3.3E+01    33.4    5.5E+02     552.5   453.0   431.0
           4.9E+01    48.9    1.2E+03    1162.5   446.0   438.0
           4.1E+01    41.5    1.2E+03    1169.4   448.0   433.0
           4.0E+01    39.6    1.4E+03    1416.3   457.0   438.0
           3.4E+01    34.1    1.4E+03    1369.1   460.0   433.0
           3.8E+01    37.8    1.4E+03    1416.3   461.0   436.0
           3.5E+01    35.3    1.2E+03    1208.9   459.0   427.0
           3.9E+01    39.0    1.3E+03    1288.2   460.0   423.0
           3.5E+01    35.3    9.1E+02     906.7   459.0   413.0
           3.5E+01    35.3    8.7E+01      87.4   432.0   429.0
           5.1E+01    50.8    1.8E+03    1820.0   387.0   437.0
           4.0E+01    40.2    1.1E+03    1118.4   392.0   437.0
           4.3E+01    42.7    1.8E+03    1804.7   396.0   438.0
           3.5E+01    34.7    8.9E+02     891.8   399.0   435.0
           3.3E+01    32.8    1.6E+03    1550.9   399.0   431.0
           3.0E+01    30.3    1.2E+03    1240.7   398.0   426.0
           2.9E+01    29.1    5.4E+02     536.4   392.0   426.0
           4.2E+01    42.1    1.1E+03    1072.8   396.0   424.0
           3.4E+01    34.1    1.3E+03    1348.0   387.0   434.0
           4.6E+01    45.8    1.9E+03    1911.3   390.0   434.0
           2.8E+01    27.9    6.8E+02     681.3   391.0   432.0
           2.4E+01    24.1    8.5E+02     849.6   387.0   425.0
           3.4E+01    34.1    4.4E+02     437.5   384.0   424.0
           3.7E+01    37.2    1.2E+03    1205.4   381.0   432.0
           3.5E+01    35.3    7.1E+02     709.7   379.0   431.0
           3.8E+01    38.4    6.7E+02     674.0   382.0   434.0
           4.8E+01    48.3    8.4E+02     838.5   382.0   437.0
           3.8E+01    38.4    2.9E+02     290.6   379.0   437.0
           4.0E+01    40.2    2.6E+02     255.7   377.0   437.0
           4.0E+01    40.2    9.0E+02     896.8   372.0   429.0
           4.4E+01    44.0    7.4E+01      74.4   370.0   431.0
           3.7E+01    37.2    3.1E+02     309.4   373.0   432.0
           5.5E+01    55.1    7.4E+02     744.2   372.0   418.0
           5.2E+01    52.0    1.1E+03    1128.0   373.0   422.0
           3.9E+01    39.0    5.0E+02     496.9   373.0   416.0
           3.8E+01    38.4    3.4E+02     335.9   371.0   410.0
           3.6E+01    35.9    2.9E+02     288.3   377.0   410.0
           3.3E+01    33.4    7.6E+02     761.8   384.0   419.0
           3.3E+01    32.8    8.3E+02     834.7   385.0   417.0
           3.6E+01    35.9    1.3E+03    1274.0   392.0   420.0
           3.5E+01    35.3    1.3E+03    1297.1   395.0   421.0
           2.6E+01    26.0    6.5E+02     652.6   393.0   418.0
           3.3E+01    32.8    8.4E+02     837.4   395.0   415.0
           3.2E+01    31.6    1.1E+03    1129.9   396.0   419.0
           2.7E+01    27.2    1.0E+03    1025.2   395.0   412.0
           4.1E+01    41.5    1.2E+03    1249.1   391.0   412.0
           3.4E+01    34.1    4.8E+02     480.8   387.0   410.0
           2.7E+01    27.2    9.0E+02     899.1   400.0   413.0
           3.4E+01    34.1    8.8E+02     878.8   397.0   433.0
           2.9E+01    29.1    5.6E+02     559.0   382.0   423.0
           2.3E+01    22.9    7.4E+02     737.3   384.0   418.0
           5.6E+01    55.7    8.1E+02     810.1   312.0   419.0
           4.5E+01    45.2    4.9E+02     493.1   319.0   426.0
           4.0E+01    40.2    9.9E+02     987.6   322.0   424.0
           4.1E+01    41.5    7.9E+01      79.4   318.0   409.0
           5.4E+01    53.9    8.3E+02     831.6   326.0   420.0
           4.3E+01    42.7    1.2E+03    1164.0   333.0   416.0
           5.0E+01    49.5    1.8E+03    1825.0   335.0   421.0
           3.4E+01    34.1    5.9E+01      58.7   334.0   424.0
           3.8E+01    38.4    6.4E+02     641.4   334.0   430.0
           3.9E+01    39.0    3.7E+02     367.7   330.0   430.0
           4.1E+01    40.9    9.6E+02     962.0   335.0   436.0
           4.3E+01    43.3    5.3E+02     529.1   327.0   437.0
           4.7E+01    47.1    9.6E+02     963.5   329.0   438.0
           3.3E+01    33.4    1.6E+03    1583.5   338.0   430.0
           3.5E+01    34.7    7.4E+02     738.8   338.0   416.0
           3.9E+01    39.0    4.1E+02     414.1   310.0   429.0
           4.6E+01    46.4    4.4E+02     437.1   321.0   439.0
           4.5E+01    45.2    6.3E+02     628.0   379.0   374.0
           4.3E+01    42.7    4.6E+02     461.2   372.0   359.0
           4.3E+01    42.7    2.1E+02     206.7   371.0   346.0
           4.5E+01    45.2    5.3E+02     532.5   370.0   352.0
           3.7E+01    36.5    4.1E+02     407.2   389.0   346.0
           4.3E+01    43.3    1.3E+03    1343.4   393.0   369.0
           3.3E+01    33.4    9.5E+02     948.2   390.0   364.0
           4.5E+01    44.6    7.9E+02     791.0   379.0   376.0
           3.2E+01    32.2    3.5E+02     345.4   444.0   371.0
           4.2E+01    42.1    1.2E+03    1185.5   448.0   377.0
           3.8E+01    38.4    1.6E+03    1558.9   462.0   365.0
           3.8E+01    37.8    5.7E+02     566.3   459.0   354.0
           2.0E+01    19.8    9.0E+02     903.3   457.0   355.0
           2.9E+01    29.1    6.8E+02     677.9   437.0   358.0
           3.0E+01    29.7    5.0E+02     504.9   438.0   357.0
           2.8E+01    27.9    1.3E+03    1296.7   456.0   368.0
           3.7E+01    36.5    5.1E+02     514.1   506.0   356.0
           5.2E+01    52.0    4.5E+02     446.3   504.0   363.0
           4.8E+01    48.3    3.2E+01      32.2   494.0   356.0
           3.6E+01    35.9    4.3E+02     426.3   494.0   347.0
           2.8E+01    27.9    3.7E+02     370.8   502.0   375.0
           3.4E+01    34.1    3.0E+02     297.9   496.0   376.0
           3.7E+01    36.5    1.3E+03    1335.0   524.0   366.0
           4.5E+01    45.2    1.4E+03    1430.9   570.0   365.0
           3.2E+01    31.6    1.5E+03    1524.0   580.0   365.0
           3.3E+01    32.8    2.8E+02     281.8   556.0   346.0
           3.7E+01    36.5    6.9E+02     685.5   627.0   354.0
           4.3E+01    43.3    1.9E+02     194.4   623.0   308.0
           2.4E+01    24.1    5.6E+02     563.2   631.0   290.0
           5.0E+01    49.5    1.2E+03    1150.6   567.0   300.0
           6.4E+01    63.8    9.3E+02     931.3   517.0   288.0
           6.3E+01    63.2    1.0E+03    1036.3   523.0   287.0
           3.9E+01    39.0    6.1E+02     611.9   497.0   309.0
           3.1E+01    31.0    8.6E+02     863.0   522.0   310.0
           3.8E+01    37.8    1.2E+03    1217.7   459.0   301.0
           3.4E+01    34.1    6.1E+02     615.0   452.0   311.0
           3.5E+01    35.3    5.9E+02     587.8   435.0   304.0
           4.4E+01    44.0    8.7E+02     874.5   328.0   223.0
           5.7E+01    57.0    5.5E+02     550.9   312.0   231.0
           2.8E+01    28.5    9.7E+02     966.6   324.0   239.0
           5.4E+01    54.5    2.2E+03    2159.3   393.0   248.0
           3.4E+01    34.1    5.8E+02     576.3   385.0   235.0
           3.2E+01    31.6    6.7E+02     672.5   392.0   227.0
           3.3E+01    32.8    2.4E+02     236.6   433.0   223.0
           3.0E+01    30.3    3.5E+02     351.2   432.0   249.0
           3.3E+01    32.8    8.8E+02     876.5   457.0   226.0
           3.7E+01    36.5    1.2E+03    1190.8   518.0   237.0
           2.8E+01    27.9    3.1E+02     308.6   523.0   234.0
           4.9E+01    48.9    2.0E+02     198.2   567.0   233.0
           4.5E+01    44.6    1.0E+03    1010.6   573.0   228.0
           5.0E+01    49.5    6.2E+02     620.7   573.0   225.0
           5.5E+01    55.1    1.6E+03    1590.7   582.0   233.0
           3.5E+01    34.7    4.3E+02     434.8   633.0   253.0
           3.1E+01    31.0    6.6E+02     664.4   621.0   249.0
           4.5E+01    44.6    9.9E+02     989.2   624.0   230.0
           6.1E+01    60.7    1.6E+03    1558.1   699.0   243.0
           3.9E+01    39.0    5.0E+02     501.9   705.0   252.0
           3.7E+01    36.5    1.2E+03    1165.9   637.0   172.0
           4.3E+01    42.7    6.7E+02     667.9   623.0   171.0
           3.7E+01    37.2    1.2E+03    1157.5   571.0   184.0
           3.0E+01    30.3    3.2E+02     318.2   560.0   164.0
           4.5E+01    44.6    6.7E+02     665.2   513.0   172.0
           4.8E+01    47.7    1.2E+03    1198.5   494.0   184.0
           3.2E+01    31.6    4.8E+02     483.5   435.0   169.0
           3.8E+01    38.4    3.0E+02     296.8   444.0   177.0
           3.7E+01    37.2    7.8E+02     779.8   389.0   188.0
           5.6E+01    55.7    6.4E+02     640.3   379.0   180.0
           3.8E+01    37.8    1.0E+03    1037.1   381.0   183.0
           3.6E+01    35.9    4.9E+02     495.0   376.0   160.0
           4.5E+01    45.2    2.1E+03    2117.5   395.0   190.0
           3.8E+01    37.8    1.6E+02     160.6   323.0   177.0
           3.8E+01    37.8    4.2E+02     418.3   319.0   182.0
           2.3E+01    22.9    2.4E+02     240.4   311.0   182.0
           3.7E+01    37.2    6.1E+02     610.4   309.0   187.0
           5.3E+01    52.6    1.0E+03    1036.7   311.0   173.0
           3.6E+01    35.9    3.2E+02     320.1   312.0   163.0
           4.9E+01    48.9    7.4E+02     743.8   309.0   166.0
           5.6E+01    56.3    1.7E+03    1662.8   330.0   179.0
           2.5E+01    24.8    7.0E+02     703.5   330.0   160.0
           3.5E+01    35.3    7.5E+02     746.9   270.0   184.0
           3.8E+01    38.4    1.2E+03    1172.8   268.0   186.0
           3.8E+01    38.4    1.1E+03    1149.4   263.0   187.0
           4.8E+01    48.3    1.7E+03    1698.1   263.0   175.0
           3.5E+01    35.3    1.2E+02     123.8   271.0   172.0
           3.3E+01    32.8    1.1E+03    1117.2   271.0   188.0
           4.0E+01    39.6    7.1E+02     707.0   249.0   188.0
           4.5E+01    45.2    1.2E+03    1244.5   250.0   176.0
           3.9E+01    39.0    5.0E+02     500.3   256.0   175.0
           5.1E+01    50.8    9.2E+02     921.3   256.0   188.0
           4.5E+01    45.2    1.2E+03    1177.4   266.0   115.0
           5.6E+01    56.3    2.0E+03    2008.3   272.0   118.0
           4.4E+01    44.0    1.2E+03    1238.8   258.0   111.0
           6.7E+01    67.5    6.3E+02     626.9   261.0   100.0
           3.1E+01    31.0    8.8E+02     883.7   265.0   107.0
           4.1E+01    41.5    5.7E+02     568.2   251.0    98.0
           4.4E+01    44.0    1.0E+02     103.9   246.0   102.0
           4.1E+01    40.9    6.5E+02     649.9   246.0   107.0
           5.4E+01    53.9    7.5E+02     751.5   256.0   122.0
           7.2E+01    71.8    5.7E+02     568.2   308.0   105.0
           3.9E+01    39.0    4.7E+02     467.4   379.0   124.0
           3.5E+01    34.7    2.0E+02     196.7   371.0   127.0
           4.1E+01    40.9    1.5E+03    1528.2   462.0   127.0
           5.6E+01    55.7    2.0E+03    1985.3   577.0   124.0
           4.1E+01    40.9    6.3E+02     628.8   582.0   127.0
           3.6E+01    35.9    8.3E+02     833.5   556.0   125.0
           6.2E+01    61.9    1.3E+03    1347.7   634.0   115.0
           3.2E+01    32.2    1.9E+02     185.2   626.0   108.0
           3.7E+01    36.5    6.0E+02     602.3   626.0   105.0
           4.6E+01    45.8    5.1E+02     513.4   619.0    99.0
           4.2E+01    42.1    8.8E+02     882.6   622.0   125.0
           5.0E+01    50.2    9.1E+02     912.9   636.0   129.0
           3.3E+01    33.4    6.8E+02     677.5   640.0   102.0
           3.4E+01    34.1    9.4E+02     937.8   451.0    40.0
           4.0E+01    39.6    6.3E+02     626.5   440.0    41.0
           3.1E+01    31.0    4.7E+02     473.5   380.0    51.0
           5.2E+01    52.0    1.8E+02     182.1   323.0    58.0
           5.6E+01    55.7    1.0E+03    1026.8   321.0    66.0

     Mean   38    38.2      814     813.5   423   429

     Cell Type Fluoroscein  (55)

           3.8E+01    37.8    1.2E+03    1248.0   708.0   231.0
           3.9E+01    39.0    1.6E+03    1604.5   710.0   232.0
           4.0E+01    39.6    1.8E+03    1803.9   709.0   229.0
           3.4E+01    34.1    1.5E+03    1544.7   710.0   227.0
           2.5E+01    25.4    1.0E+03     996.1   710.0   225.0
           2.4E+01    24.1    7.6E+02     762.6   708.0   225.0
           3.5E+01    35.3    1.3E+03    1261.0   704.0   226.0
           4.7E+01    47.1    3.7E+02     367.7   639.0   176.0
           5.9E+01    59.4    1.0E+03    1019.9   634.0   181.0
           4.2E+01    42.1    1.4E+03    1442.0   635.0   188.0
           3.0E+01    30.3    3.1E+02     309.4   629.0   169.0
           5.6E+01    56.3    8.7E+02     868.4   623.0   171.0
           4.5E+01    44.6    1.3E+02     129.6   626.0   178.0
           3.7E+01    36.5    5.2E+02     520.3   621.0   161.0
           4.1E+01    40.9    6.6E+02     657.9   581.0   181.0
           4.1E+01    41.5    2.1E+03    2149.0   579.0   183.0
           3.0E+01    29.7    2.4E+02     238.1   571.0   167.0
           4.7E+01    47.1    6.6E+02     659.8   565.0   180.0
           5.3E+01    52.6    1.4E+03    1372.2   558.0   189.0
           5.3E+01    53.3    9.4E+02     939.3   571.0   189.0
           4.8E+01    47.7    1.1E+03    1136.4   509.0   188.0
           3.7E+01    37.2    7.5E+02     754.9   519.0   181.0
           1.5E+01    15.5    6.4E+02     642.2   520.0   170.0
           4.4E+01    44.0    1.2E+03    1193.9   497.0   184.0
           4.7E+01    47.1    2.0E+03    2011.7   453.0   189.0
           3.7E+01    36.5    7.8E+02     776.4   452.0   175.0
           4.3E+01    42.7    5.2E+02     519.1   435.0   169.0
           3.8E+01    38.4    1.3E+03    1315.8   444.0   177.0
           3.2E+01    31.6    9.4E+02     939.7   380.0   182.0
           5.0E+01    49.5    2.2E+03    2201.5   337.0   176.0
           4.3E+01    43.3    7.5E+02     749.6   327.0   162.0
           2.6E+01    26.0    4.0E+02     395.7   316.0   172.0
           2.5E+01    24.8    2.8E+02     281.4   310.0   181.0
           3.7E+01    36.5    1.0E+03    1004.9   338.0   187.0
           3.7E+01    36.5    1.1E+03    1105.0   263.0   186.0
           2.5E+01    25.4    9.6E+01      95.9   250.0   175.0
           6.4E+01    64.4    1.4E+03    1403.3   249.0   170.0
           4.1E+01    40.9    5.0E+02     498.0   252.0   166.0
           4.5E+01    45.2    8.8E+02     882.6   258.0   128.0
           4.0E+01    40.2    1.4E+02     136.9   256.0   122.0
           5.2E+01    52.0    1.3E+03    1289.4   265.0   105.0
           4.0E+01    40.2    4.9E+02     490.0   256.0   103.0
           3.3E+01    32.8    1.1E+03    1114.2   455.0   104.0
           5.1E+01    50.8    1.5E+03    1477.6   570.0   115.0
           5.2E+01    52.0    2.0E+03    2011.3   577.0   116.0
           3.1E+01    31.0    1.6E+02     164.9   571.0    98.0
           4.9E+01    48.9    1.7E+02     171.4   560.0   120.0
           4.5E+01    44.6    5.3E+02     528.7   630.0   103.0
           5.2E+01    52.0    2.9E+02     292.5   629.0   107.0
           5.4E+01    54.5    1.3E+03    1334.6   618.0   122.0
           4.1E+01    41.5    1.2E+03    1231.5   631.0   116.0
           2.6E+01    26.0    1.6E+03    1627.2   462.0    66.0
           3.8E+01    38.4    5.1E+02     508.0   317.0    51.0
           3.0E+01    29.7    3.8E+02     381.9   322.0    45.0
           3.8E+01    37.8    7.7E+01      76.7   308.0    62.0

     Mean   40    40.4      921     920.7   497   160
