Stucture reference data file ALU.DAT - 1
Written at 03/11/2008 on 15:14

 Cell types 2

     Cell Type Outline  (11)

           5.4E+02   535.0    3.6E+04   35823.0   239.0   203.0
           1.8E+03   1758.0    9.7E+04   97001.9    81.0   239.0
           1.0E+03   1012.7    2.1E+04   20528.2   362.0   -28.0
           1.1E+03   1121.0    5.8E+05   582782.3   498.0   406.0
           6.5E+03   6503.2    1.2E+06   1218710.7    -9.0   449.0
           8.2E+03   8197.5    2.6E+05   262972.1    98.0     0.0
           5.3E+03   5286.6    1.4E+04   13874.8   474.0   -48.0
           5.0E+03   5019.1    3.0E+06   2956063.1   648.0   231.0
           3.0E+03   3006.4    1.3E+06   1324759.6   601.0   494.0
           3.7E+03   3694.3    2.3E+06   2266380.0   365.0   526.0
           1.7E+03   1681.5    1.0E+06   1039595.9   204.0   636.0

     Mean 3438   3437.8   892590   892590.1   324   283

     Cell Type Rhodamine  (80)

           4.3E+01    42.7    5.4E+02     538.3   383.0   311.0
           2.3E+01    22.9    6.5E+01      64.8   383.0   306.0
           3.6E+01    35.9    3.3E+02     325.5   379.0   309.0
           3.2E+01    32.2    4.8E+02     478.5   373.0   313.0
           3.2E+01    32.2    5.6E+02     560.5   375.0   303.0
           3.0E+01    30.3    3.7E+02     366.9   377.0   303.0
           3.5E+01    35.3    1.7E+02     169.1   369.0   304.0
           3.7E+01    36.5    4.0E+02     395.3   370.0   299.0
           3.3E+01    32.8    5.2E+02     517.6   378.0   298.0
           3.4E+01    34.1    7.2E+02     722.3   385.0   297.0
           3.2E+01    32.2    6.5E+02     654.5   388.0   299.0
           4.1E+01    41.5    1.1E+03    1133.7   393.0   302.0
           3.6E+01    35.9    8.3E+02     833.9   391.0   298.0
           3.3E+01    33.4    8.0E+02     803.2   388.0   302.0
           2.8E+01    27.9    5.0E+02     503.4   390.0   311.0
           3.1E+01    31.0    6.0E+02     598.5   377.0   314.0
           3.4E+01    34.1    2.9E+02     291.0   380.0   320.0
           3.5E+01    34.7    1.3E+03    1317.4   396.0   324.0
           2.9E+01    29.1    3.3E+02     331.6   394.0   299.0
           2.9E+01    29.1    5.8E+02     581.2   380.0   299.0
           2.4E+01    24.1    3.2E+02     321.7   405.0   301.0
           3.8E+01    38.4    9.2E+01      91.6   402.0   274.0
           3.6E+01    35.9    1.3E+03    1307.8   387.0   293.0
           2.9E+01    29.1    6.7E+02     669.4   382.0   293.0
           2.7E+01    26.6    3.6E+02     361.9   377.0   289.0
           3.6E+01    35.9    2.5E+02     247.7   374.0   288.0
           2.2E+01    21.7    2.7E+02     269.9   375.0   285.0
           2.2E+01    22.3    4.6E+02     457.8   378.0   282.0
           3.1E+01    31.0    6.9E+02     694.7   392.0   284.0
           3.5E+01    34.7    9.5E+02     950.5   389.0   286.0
           2.6E+01    26.0    9.0E+02     897.9   393.0   277.0
           2.7E+01    26.6    5.8E+02     581.6   388.0   276.0
           2.9E+01    29.1    5.6E+02     557.5   385.0   274.0
           2.5E+01    25.4    7.8E+02     778.3   387.0   271.0
           2.7E+01    26.6    7.2E+02     715.4   384.0   273.0
           4.1E+01    41.5    1.0E+03    1023.3   381.0   279.0
           3.0E+01    29.7    5.2E+02     515.7   379.0   277.0
           2.4E+01    24.1    6.8E+02     678.6   380.0   275.0
           2.5E+01    24.8    5.9E+02     588.5   379.0   273.0
           2.9E+01    29.1    3.5E+02     350.4   377.0   270.0
           2.5E+01    25.4    5.2E+02     523.7   376.0   271.0
           3.7E+01    36.5    5.2E+02     519.5   376.0   268.0
           1.5E+01    14.9    2.2E+02     224.7   382.0   272.0
           2.4E+01    24.1    5.0E+02     497.3   372.0   276.0
           3.3E+01    32.8    8.2E+02     821.2   389.0   295.0
           2.8E+01    28.5    6.5E+02     648.3   382.0   284.0
           2.8E+01    27.9    8.7E+02     874.9   384.0   284.0
           2.5E+01    24.8    2.1E+02     207.0   377.0   279.0
           3.0E+01    29.7    3.9E+02     393.8   374.0   279.0
           2.3E+01    22.9    2.6E+02     264.5   390.0   269.0
           1.8E+01    18.0    2.7E+02     268.8   390.0   272.0
           4.7E+01    47.1    1.7E+03    1709.2   357.0   290.0
           4.0E+01    39.6    1.6E+03    1552.4   359.0   286.0
           2.8E+01    27.9    1.1E+03    1054.4   365.0   285.0
           2.2E+01    21.7    7.5E+02     748.0   366.0   274.0
           2.7E+01    27.2    4.7E+02     474.7   363.0   276.0
           2.8E+01    28.5    1.0E+03    1042.1   365.0   290.0
           2.3E+01    22.9    8.2E+02     823.5   367.0   289.0
           2.5E+01    24.8    3.6E+02     360.4   351.0   279.0
           3.2E+01    31.6    8.1E+02     813.2   361.0   267.0
           3.2E+01    32.2    6.0E+02     597.7   348.0   268.0
           2.7E+01    27.2    1.7E+02     171.8   343.0   272.0
           3.1E+01    31.0    3.7E+02     366.9   343.0   276.0
           3.1E+01    31.0    3.2E+02     316.3   340.0   292.0
           2.6E+01    26.0    9.7E+02     971.2   353.0   282.0
           2.5E+01    25.4    8.4E+02     836.6   349.0   285.0
           2.0E+01    20.4    5.2E+02     524.9   351.0   287.0
           3.1E+01    31.0    7.2E+02     722.7   358.0   299.0
           4.1E+01    41.5    1.7E+03    1715.7   369.0   262.0
           4.0E+01    40.2    1.4E+03    1363.8   361.0   262.0
           3.7E+01    36.5    8.7E+02     871.1   364.0   256.0
           4.4E+01    44.0    8.4E+02     837.0   384.0   262.0
           3.5E+01    35.3    1.1E+03    1062.8   389.0   265.0
           4.0E+01    39.6    1.4E+03    1386.8   377.0   256.0
           1.9E+01    18.6    4.5E+02     451.3   374.0   257.0
           2.5E+01    25.4    5.4E+02     536.0   378.0   262.0
           2.6E+01    26.0    7.8E+02     775.2   376.0   260.0
           2.7E+01    26.6    3.1E+02     314.4   371.0   263.0
           3.6E+01    35.9    2.8E+02     277.2   376.0   266.0
           3.7E+01    37.2    1.2E+03    1154.4   376.0   263.0

     Mean   30    30.4      654     654.0   376   284

     Cell Type Fluoroscein  (63)

           3.5E+01    35.3    7.0E+02     703.5   425.0   293.0
           1.9E+01    19.2    1.6E+02     161.0   423.0   272.0
           2.2E+01    22.3    3.4E+02     344.7   413.0   270.0
           4.0E+01    39.6    1.2E+03    1198.5   411.0   281.0
           2.9E+01    29.1    5.6E+02     558.6   419.0   268.0
           2.6E+01    26.0    1.2E+02     122.7   407.0   271.0
           3.0E+01    30.3    1.4E+03    1353.0   401.0   273.0
           2.2E+01    22.3    2.4E+02     240.8   399.0   275.0
           4.5E+01    45.2    1.7E+03    1672.4   397.0   281.0
           2.8E+01    28.5    8.7E+02     870.7   392.0   277.0
           2.9E+01    29.1    5.7E+02     572.8   390.0   269.0
           1.9E+01    19.2    6.1E+02     615.0   390.0   271.0
           3.8E+01    37.8    6.6E+02     659.8   375.0   292.0
           2.7E+01    26.6    4.1E+02     409.1   353.0   289.0
           2.7E+01    27.2    9.5E+02     946.6   362.0   288.0
           2.2E+01    21.7    6.9E+02     689.7   364.0   276.0
           4.3E+01    43.3    1.4E+03    1388.7   357.0   259.0
           3.6E+01    35.9    4.7E+02     474.3   349.0   255.0
           2.9E+01    29.1    6.1E+02     610.4   366.0   239.0
           3.7E+01    36.5    1.6E+03    1552.0   365.0   253.0
           2.8E+01    27.9    1.2E+03    1167.1   369.0   248.0
           3.8E+01    38.4    9.1E+02     914.8   374.0   264.0
           3.3E+01    33.4    8.5E+02     853.8   375.0   262.0
           2.7E+01    26.6    8.5E+02     845.8   376.0   260.0
           3.0E+01    30.3    6.6E+02     663.7   380.0   259.0
           4.1E+01    40.9    1.4E+03    1428.9   375.0   255.0
           1.3E+01    13.0    8.7E+01      87.0   377.0   256.0
           4.0E+01    40.2    1.6E+03    1561.2   376.0   257.0
           3.0E+01    30.3    3.7E+02     373.1   385.0   254.0
           1.6E+01    16.1    4.2E+01      41.8   386.0   253.0
           3.6E+01    35.9    1.4E+03    1390.6   387.0   261.0
           3.0E+01    30.3    4.7E+02     470.8   388.0   259.0
           3.0E+01    30.3    6.2E+02     617.7   395.0   257.0
           3.2E+01    32.2    1.7E+03    1665.1   392.0   256.0
           2.8E+01    28.5    1.3E+03    1284.0   397.0   250.0
           3.7E+01    36.5    1.5E+03    1461.9   392.0   247.0
           2.5E+01    24.8    1.3E+02     134.2   397.0   242.0
           3.0E+01    29.7    1.4E+03    1382.2   396.0   245.0
           2.4E+01    24.1    8.6E+02     856.1   395.0   241.0
           2.8E+01    27.9    2.6E+02     256.9   378.0   246.0
           3.2E+01    31.6    2.7E+02     268.0   370.0   249.0
           4.0E+01    40.2    1.3E+03    1349.2   390.0   245.0
           4.6E+01    46.4    5.2E+02     516.4   386.0   244.0
           3.5E+01    34.7    1.0E+03    1002.6   382.0   249.0
           2.4E+01    23.5    2.4E+02     236.6   380.0   248.0
           2.6E+01    26.0    5.8E+02     580.9   396.0   264.0
           3.0E+01    30.3    1.3E+03    1330.8   399.0   258.0
           4.6E+01    46.4    9.7E+02     968.5   378.0   260.0
           3.3E+01    33.4    4.1E+02     405.3   413.0   260.0
           3.8E+01    38.4    1.9E+02     186.7   411.0   256.0
           3.2E+01    31.6    4.5E+01      45.2   406.0   258.0
           2.8E+01    28.5    1.5E+02     146.5   407.0   251.0
           3.0E+01    30.3    8.4E+02     838.9   414.0   249.0
           2.8E+01    28.5    9.0E+02     904.4   415.0   253.0
           2.0E+01    20.4    3.9E+01      39.5   405.0   243.0
           5.4E+01    53.9    5.2E+02     519.5   400.0   250.0
           2.4E+01    24.1    1.3E+02     134.6   403.0   238.0
           3.3E+01    33.4    2.1E+02     210.1   400.0   241.0
           3.3E+01    33.4    1.2E+03    1150.6   363.0   220.0
           3.2E+01    32.2    9.1E+02     912.9   398.0   231.0
           5.0E+01    49.5    2.0E+03    2017.5   383.0   235.0
           2.8E+01    27.9    7.3E+02     732.7   418.0   224.0
           7.0E+01    70.0    1.7E+03    1718.8   433.0   279.0

     Mean   32    32.0      775     774.9   390   258
