Stucture reference data file DLN.DAT - 
Written at 30/03/2011 on 16:21

 Cell types 2

     Cell Type Outline  (5)

           1.1E+04   11425.5    6.4E+06   6444394.1   496.0   412.0
           8.6E+03   8581.6    9.0E+05   895578.7   193.0   320.0
           1.1E+04   10638.3    7.9E+05   785473.6   400.0     0.0
           8.8E+03   8766.0    5.3E+06   5264523.9   548.0    54.0
           4.1E+02   411.3    1.9E+04   19063.4   437.0   251.0

     Mean 7965   7964.5   2681807   2681806.8   415   207

     Cell Type Rhodamine  (91)

           4.8E+01    48.3    1.7E+03    1666.7   164.0   153.0
           3.7E+01    36.5    1.0E+03    1038.3   193.0   180.0
           6.5E+01    65.0    8.9E+02     892.6   182.0   206.0
           5.0E+01    49.5    1.4E+03    1448.9   172.0   202.0
           5.8E+01    57.6    1.2E+03    1183.9   173.0   214.0
           1.0E+02   101.5    4.9E+03    4927.1   190.0   211.0
           3.7E+01    36.5    5.2E+01      52.1   182.0   195.0
           5.6E+01    56.3    7.6E+02     758.0   160.0   188.0
           3.3E+01    33.4    1.4E+03    1424.7   192.0   205.0
           5.1E+01    51.4    8.0E+02     799.0   170.0   223.0
           2.5E+01    25.4    6.1E+02     613.4   169.0   230.0
           4.2E+01    42.1    4.2E+02     415.2   147.0   222.0
           4.6E+01    46.4    7.3E+02     734.6   189.0   247.0
           5.8E+01    57.6    1.7E+03    1669.0   155.0   251.0
           7.5E+01    74.9    1.3E+03    1266.8   163.0   274.0
           5.0E+01    49.5    7.8E+02     782.1   165.0   262.0
           4.1E+01    41.5    4.8E+02     477.7   145.0   268.0
           3.2E+01    32.2    9.5E+02     947.0   179.0   271.0
           3.9E+01    39.0    1.5E+03    1463.4   190.0   261.0
           5.1E+01    51.4    7.6E+02     756.8   133.0   262.0
           5.0E+01    49.5    1.2E+03    1154.4   143.0   261.0
           4.1E+01    40.9    2.9E+02     293.7   131.0   254.0
           2.4E+01    23.5    6.9E+00       6.9   167.0   249.0
           4.0E+01    40.2    1.8E+02     175.6   182.0   262.0
           5.6E+01    55.7    3.2E+03    3168.1   203.0   273.0
           3.3E+01    33.4    4.4E+02     440.5   207.0   264.0
           5.1E+01    51.4    3.0E+03    2967.2   210.0   259.0
           4.4E+01    44.0    2.1E+03    2126.7   209.0   243.0
           3.9E+01    39.0    3.7E+02     367.7   202.0   243.0
           5.4E+01    53.9    2.2E+03    2235.2   198.0   246.0
           4.8E+01    47.7    6.0E+02     597.0   200.0   269.0
           6.1E+01    61.3    3.5E+02     348.5   191.0   251.0
           7.3E+01    73.1    1.7E+03    1706.1   195.0   256.0
           4.1E+01    41.5    8.0E+02     799.8   178.0   264.0
           6.7E+01    67.5    6.0E+02     597.7   213.0   252.0
           6.3E+01    63.2    1.1E+03    1149.4   219.0   241.0
           2.2E+01    22.3    3.5E+02     352.7   226.0   247.0
           1.9E+01    19.2    7.2E+02     722.7   229.0   243.0
           3.6E+01    35.9    9.4E+02     940.5   238.0   249.0
           4.0E+01    40.2    1.3E+03    1310.5   231.0   241.0
           4.0E+01    39.6    5.1E+02     509.5   225.0   264.0
           3.2E+01    31.6    8.2E+01      81.7   231.0   266.0
           5.3E+01    53.3    1.3E+03    1275.6   216.0   272.0
           5.9E+01    58.8    8.1E+02     808.6   210.0   274.0
           3.0E+01    30.3    5.4E+02     538.3   213.0   233.0
           6.4E+01    64.4    5.3E+02     526.4   222.0   233.0
           3.6E+01    35.9    5.9E+02     592.4   240.0   231.0
           3.8E+01    38.4    4.4E+01      44.1   238.0   259.0
           2.5E+01    25.4    5.5E+02     553.2   245.0   258.0
           2.8E+01    27.9    8.5E+02     854.2   244.0   238.0
           6.2E+01    61.9    2.6E+03    2552.7   252.0   235.0
           3.6E+01    35.9    1.4E+03    1362.2   273.0   246.0
           2.7E+01    27.2    9.8E+02     978.4   260.0   256.0
           4.8E+01    47.7    1.2E+03    1239.9   273.0   230.0
           3.0E+01    30.3    5.3E+02     531.4   260.0   218.0
           5.6E+01    56.3    2.3E+03    2267.4   272.0   220.0
           3.8E+01    37.8    9.4E+02     939.3   255.0   211.0
           3.2E+01    31.6    5.4E+01      54.1   261.0   208.0
           4.5E+01    44.6    1.1E+03    1131.8   255.0   197.0
           3.0E+01    30.3    7.6E+01      75.5   241.0   213.0
           7.1E+01    71.2    5.7E+02     574.0   243.0   219.0
           4.5E+01    44.6    2.3E+02     226.2   240.0   207.0
           5.2E+01    52.0    6.1E+02     606.9   245.0   192.0
           3.9E+01    39.0    1.3E+01      12.7   235.0   190.0
           4.0E+01    39.6    8.6E+01      85.9   237.0   216.0
           5.3E+01    52.6    8.3E+02     833.9   251.0   225.0
           3.9E+01    39.0    1.1E+03    1105.7   267.0   216.0
           3.4E+01    34.1    1.4E+03    1429.3   274.0   195.0
           6.0E+01    60.1    7.4E+02     742.3   214.0   210.0
           6.6E+01    66.3    8.6E+02     855.4   211.0   219.0
           5.3E+01    52.6    7.9E+02     789.0   195.0   221.0
           4.1E+01    41.5    5.2E+02     522.2   224.0   202.0
           5.5E+01    55.1    1.4E+02     144.5   198.0   212.0
           4.7E+01    47.1    2.0E+03    2030.1   229.0   222.0
           3.9E+01    39.0    3.0E+02     302.1   165.0   195.0
           2.8E+01    27.9    2.7E+02     272.6   190.0   162.0
           4.0E+01    39.6    1.5E+02     152.2   206.0   164.0
           4.3E+01    43.3    5.6E+02     563.2   207.0   155.0
           4.2E+01    42.1    1.9E+03    1914.7   228.0   176.0
           4.4E+01    44.0    1.9E+03    1877.1   230.0   186.0
           4.2E+01    42.1    7.1E+01      70.5   221.0   190.0
           2.5E+01    25.4    2.5E+02     248.4   235.0   164.0
           4.3E+01    42.7    4.1E+01      41.0   239.0   174.0
           4.6E+01    45.8    6.1E+02     605.8   263.0   161.0
           2.4E+01    24.1    5.2E+02     522.6   267.0   173.0
           4.3E+01    42.7    3.7E+02     367.3   255.0   182.0
           3.1E+01    31.0    8.4E+02     843.1   276.0   162.0
           5.8E+01    58.2    3.1E+02     305.2   274.0   181.0
           3.8E+01    38.4    1.6E+03    1583.5   294.0   177.0
           4.5E+01    45.2    1.3E+02     125.4   305.0   158.0
           2.6E+01    26.0    4.8E+02     480.8   308.0   195.0

     Mean   45    44.6      900     900.3   216   223

     Cell Type Fluoroscein  (10)

           3.2E+01    32.2    3.9E+02     388.0   364.0   163.0
           4.3E+01    43.3    1.1E+03    1066.6   367.0   166.0
           4.1E+01    40.9    1.4E+03    1357.6   361.0   169.0
           4.0E+01    40.2    1.1E+03    1050.1   416.0   157.0
           4.8E+01    47.7    2.8E+02     284.5   380.0   155.0
           4.8E+01    47.7    8.9E+02     888.0   436.0   131.0
           4.8E+01    47.7    6.4E+02     636.1   423.0   125.0
           2.7E+01    27.2    5.5E+02     550.6   284.0   248.0
           3.7E+01    36.5    1.1E+03    1117.2   304.0   207.0
           2.7E+01    26.6    5.7E+02     571.7   335.0   252.0

     Mean   39    39.0      791     791.0   367   177
