Stucture reference data file ALU.DAT - 
Written at 20/03/1985 on 14:56

 Cell types 2

     Cell Type Outline  (5)

           8.5E+03   8465.0    3.0E+06   2995821.3   244.0   286.0
           4.9E+02   490.4    9.7E+03    9736.7   321.0   159.0
           6.9E+03   6891.7    5.8E+05   582579.4   290.0   -31.0
           5.0E+03   4987.3    1.8E+06   1761085.6   563.0   111.0
           2.7E+03   2719.7    1.5E+06   1483062.2   513.0   316.0

     Mean 4711   4710.8   1366457   1366457.1   386   168

     Cell Type Rhodamine  (434)

           4.5E+01    45.2    3.8E+01      38.0   224.0   268.0
           4.0E+01    40.2    5.1E+02     511.8   225.0   272.0
           3.7E+01    36.5    2.8E+02     281.8   229.0   271.0
           4.6E+01    46.4    6.0E+02     597.0   219.0   271.0
           5.1E+01    50.8    5.4E+02     542.9   218.0   268.0
           4.1E+01    41.5    5.4E+02     543.3   218.0   265.0
           4.3E+01    42.7    6.2E+02     617.7   220.0   263.0
           4.1E+01    40.9    1.0E+02     103.9   217.0   261.0
           4.3E+01    43.3    6.9E+02     689.7   218.0   259.0
           3.8E+01    38.4    2.2E+02     217.4   218.0   257.0
           4.5E+01    45.2    8.0E+02     795.2   221.0   258.0
           5.3E+01    53.3    9.1E+02     913.3   225.0   256.0
           5.4E+01    53.9    8.8E+02     881.8   229.0   256.0
           4.0E+01    39.6    3.7E+02     370.4   219.0   253.0
           5.0E+01    49.5    3.9E+02     392.2   219.0   252.0
           3.9E+01    39.0    3.7E+02     365.8   218.0   249.0
           5.6E+01    55.7    1.2E+02     115.8   224.0   254.0
           4.3E+01    43.3    3.0E+02     304.0   227.0   251.0
           5.0E+01    49.5    4.9E+02     485.4   229.0   252.0
           4.0E+01    39.6    3.2E+02     317.1   225.0   249.0
           4.1E+01    41.5    3.0E+02     296.0   227.0   248.0
           3.7E+01    36.5    2.4E+02     241.5   230.0   247.0
           3.5E+01    34.7    3.3E+02     325.1   231.0   246.0
           3.2E+01    31.6    4.6E+01      46.0   227.0   243.0
           3.2E+01    32.2    2.2E+02     215.1   222.0   244.0
           4.4E+01    44.0    7.8E+01      77.8   221.0   243.0
           4.0E+01    40.2    2.2E+02     217.0   224.0   246.0
           4.7E+01    47.1    4.4E+02     440.5   233.0   252.0
           3.1E+01    31.0    3.6E+02     357.7   234.0   254.0
           2.8E+01    27.9    3.4E+02     339.7   233.0   256.0
           4.1E+01    41.5    2.8E+02     279.5   234.0   248.0
           3.7E+01    37.2    2.4E+02     236.9   233.0   242.0
           3.8E+01    38.4    7.0E+02     696.6   239.0   250.0
           3.7E+01    36.5    4.2E+00       4.2   238.0   243.0
           3.3E+01    33.4    4.3E+02     432.9   242.0   248.0
           5.7E+01    57.0    2.8E+02     280.3   244.0   251.0
           4.2E+01    42.1    7.6E+01      75.9   247.0   250.0
           4.1E+01    40.9    5.8E+02     578.6   241.0   257.0
           4.9E+01    48.9    3.4E+02     341.6   237.0   257.0
           3.7E+01    36.5    3.1E+02     312.1   234.0   258.0
           4.2E+01    42.1    6.6E+01      65.9   236.0   262.0
           5.1E+01    51.4    6.9E+02     694.0   234.0   264.0
           3.0E+01    30.3    3.0E+02     300.6   237.0   265.0
           3.9E+01    39.0    3.2E+02     321.3   232.0   267.0
           3.0E+01    30.3    5.0E+02     498.4   234.0   269.0
           3.3E+01    33.4    6.0E+02     599.3   241.0   269.0
           4.5E+01    44.6    7.4E+02     744.6   238.0   272.0
           4.1E+01    40.9    1.0E+03    1008.0   242.0   271.0
           3.5E+01    34.7    9.0E+02     895.6   243.0   269.0
           3.7E+01    37.2    1.3E+03    1286.7   247.0   269.0
           3.9E+01    39.0    1.6E+03    1626.8   244.0   268.0
           4.1E+01    40.9    9.3E+02     933.6   244.0   266.0
           3.5E+01    35.3    4.1E+02     412.5   241.0   258.0
           4.2E+01    42.1    1.1E+03    1058.2   247.0   259.0
           3.2E+01    32.2    1.2E+02     117.3   235.0   244.0
           3.3E+01    33.4    2.4E+02     240.0   242.0   257.0
           4.3E+01    43.3    8.6E+02     859.2   239.0   263.0
           4.5E+01    44.6    6.5E+02     650.3   157.0   268.0
           4.6E+01    45.8    8.2E+02     823.2   161.0   268.0
           5.4E+01    53.9    6.7E+02     668.7   166.0   271.0
           4.1E+01    40.9    7.1E+02     714.7   165.0   262.0
           4.0E+01    40.2    8.1E+02     807.8   168.0   262.0
           4.8E+01    47.7    4.5E+02     449.7   163.0   259.0
           5.0E+01    49.5    3.4E+02     335.9   158.0   257.0
           5.7E+01    57.0    1.5E+03    1512.5   159.0   260.0
           4.3E+01    42.7    3.1E+02     307.1   169.0   258.0
           3.9E+01    39.0    9.2E+02     917.9   175.0   261.0
           3.7E+01    37.2    2.4E+02     243.1   173.0   260.0
           5.5E+01    55.1    4.9E+02     493.1   176.0   267.0
           3.5E+01    35.3    8.5E+02     855.0   178.0   271.0
           5.5E+01    55.1    4.9E+02     488.8   183.0   269.0
           4.6E+01    45.8    1.1E+03    1126.8   179.0   268.0
           4.2E+01    42.1    4.7E+02     465.5   183.0   264.0
           4.8E+01    47.7    7.7E+02     769.1   185.0   272.0
           3.9E+01    39.0    3.1E+02     308.6   185.0   267.0
           3.2E+01    32.2    3.7E+02     370.0   175.0   259.0
           5.1E+01    50.8    6.2E+02     623.0   176.0   253.0
           4.4E+01    44.0    2.0E+02     202.1   172.0   254.0
           5.1E+01    50.8    2.3E+02     227.0   157.0   247.0
           4.1E+01    40.9    6.1E+01      60.6   158.0   244.0
           6.6E+01    66.3    5.3E+01      53.3   163.0   243.0
           4.4E+01    44.0    1.6E+02     163.7   164.0   250.0
           4.3E+01    42.7    7.4E+02     740.0   165.0   253.0
           6.1E+01    60.7    3.1E+01      30.7   168.0   251.0
           6.1E+01    61.3    4.1E+02     410.6   167.0   246.0
           4.0E+01    39.6    2.3E+02     233.5   170.0   246.0
           4.3E+01    43.3    2.1E+02     207.8   170.0   243.0
           5.8E+01    58.2    2.3E+02     225.8   171.0   250.0
           5.3E+01    52.6    6.9E+02     687.8   172.0   248.0
           4.8E+01    47.7    1.7E+02     166.8   174.0   244.0
           5.9E+01    59.4    2.1E+02     209.7   179.0   245.0
           4.6E+01    46.4    1.3E+03    1275.6   182.0   245.0
           4.6E+01    45.8    3.3E+02     325.9   184.0   243.0
           4.5E+01    45.2    4.2E+02     417.9   185.0   246.0
           3.7E+01    36.5    2.9E+02     287.6   185.0   252.0
           2.9E+01    29.1    6.2E+02     622.6   181.0   250.0
           3.6E+01    35.9    4.3E+02     434.4   180.0   249.0
           3.2E+01    31.6    4.6E+02     462.4   183.0   248.0
           4.0E+01    40.2    4.5E+02     453.6   182.0   257.0
           4.1E+01    41.5    3.0E+02     303.7   162.0   271.0
           5.1E+01    51.4    6.8E+02     682.5   173.0   272.0
           5.6E+01    55.7    9.1E+02     914.8   170.0   265.0
           5.1E+01    51.4    4.4E+02     438.6   162.0   252.0
           3.5E+01    35.3    1.9E+02     186.3   177.0   258.0
           4.0E+01    39.6    1.6E+03    1590.0   185.0   255.0
           5.0E+01    50.2    5.6E+02     560.2   117.0   265.0
           4.1E+01    41.5    5.5E+02     552.1   120.0   267.0
           5.0E+01    49.5    1.4E+03    1365.3   119.0   269.0
           5.6E+01    56.3    6.6E+02     659.5   122.0   267.0
           5.1E+01    50.8    2.3E+02     234.3   114.0   263.0
           4.6E+01    45.8    6.3E+02     625.7   114.0   259.0
           4.1E+01    41.5    3.9E+02     387.2   122.0   260.0
           4.2E+01    42.1    5.5E+02     550.6   119.0   259.0
           5.0E+01    49.5    3.9E+02     387.2   112.0   259.0
           4.3E+01    43.3    1.7E+02     174.4   106.0   258.0
           4.3E+01    42.7    5.5E+02     554.4   110.0   266.0
           5.6E+01    55.7    1.0E+03    1014.5   109.0   271.0
           5.4E+01    53.9    1.2E+03    1193.9   116.0   270.0
           5.4E+01    54.5    3.3E+01      33.0    97.0   260.0
           5.0E+01    49.5    9.1E+02     912.5    99.0   267.0
           6.3E+01    63.2    7.2E+02     717.0    95.0   271.0
           4.5E+01    44.6    6.1E+02     605.8    93.0   268.0
           4.3E+01    43.3    4.5E+01      45.2   101.0   253.0
           4.0E+01    39.6    2.9E+02     286.4    95.0   248.0
           4.4E+01    44.0    6.7E+01      67.5    94.0   246.0
           4.5E+01    44.6    1.8E+02     175.6    99.0   245.0
           4.0E+01    39.6    6.2E+02     616.5   112.0   246.0
           5.6E+01    55.7    2.5E+02     249.6   110.0   243.0
           4.4E+01    44.0    3.7E+02     373.4   120.0   246.0
           3.8E+01    38.4    1.4E+02     140.7   118.0   252.0
           5.8E+01    58.2    5.3E+02     525.6   123.0   251.0
           3.7E+01    37.2    2.6E+02     261.1   122.0   243.0
           3.7E+01    36.5    2.9E+02     291.0   117.0   242.0
           3.8E+01    38.4    6.2E+02     620.7   112.0   262.0
           4.0E+01    40.2    6.1E+02     608.5   116.0   266.0
           4.6E+01    45.8    3.2E+02     324.4   103.0   272.0
           3.3E+01    32.8    1.7E+02     171.0   105.0   253.0
           5.6E+01    56.3    3.2E+02     319.4   110.0   209.0
           4.5E+01    45.2    5.4E+02     537.1   105.0   209.0
           4.9E+01    48.9    6.9E+02     689.0   102.0   193.0
           5.1E+01    50.8    1.9E+02     187.5   104.0   192.0
           4.8E+01    47.7    8.1E+02     813.6   106.0   195.0
           5.8E+01    57.6    3.2E+02     322.8    94.0   183.0
           5.3E+01    52.6    8.8E+02     877.6   109.0   188.0
           4.7E+01    47.1    2.0E+02     197.5   107.0   180.0
           6.0E+01    60.1    1.1E+03    1101.1   121.0   180.0
           7.7E+01    76.8    1.5E+03    1496.0   120.0   199.0
           6.3E+01    63.2    1.2E+03    1206.6   122.0   209.0
           4.9E+01    48.9    9.0E+02     895.6   119.0   189.0
           5.6E+01    56.3    4.2E+02     424.4   162.0   210.0
           4.6E+01    45.8    8.9E+02     890.6   155.0   208.0
           5.4E+01    53.9    6.0E+02     600.4   159.0   200.0
           5.8E+01    58.2    6.0E+02     595.8   157.0   197.0
           3.7E+01    36.5    6.5E+02     648.0   164.0   200.0
           4.2E+01    42.1    8.4E+02     837.7   162.0   200.0
           6.2E+01    61.9    1.0E+03    1001.4   166.0   198.0
           4.8E+01    47.7    3.2E+01      32.2   168.0   197.0
           5.3E+01    53.3    7.8E+02     776.0   170.0   195.0
           6.3E+01    63.2    7.6E+02     762.6   173.0   193.0
           4.2E+01    42.1    6.8E+02     677.9   166.0   191.0
           4.5E+01    45.2    7.9E+02     785.2   168.0   189.0
           6.2E+01    61.9    8.4E+02     835.1   166.0   186.0
           5.4E+01    53.9    4.9E+02     494.6   169.0   183.0
           5.2E+01    52.0    7.2E+02     720.0   163.0   190.0
           4.3E+01    42.7    6.0E+02     595.4   176.0   185.0
           4.3E+01    42.7    7.1E+02     713.9   181.0   188.0
           5.0E+01    50.2    1.5E+03    1463.4   184.0   195.0
           4.2E+01    42.1    5.5E+02     547.5   178.0   198.0
           5.0E+01    50.2    1.1E+03    1055.9   176.0   203.0
           3.8E+01    38.4    8.6E+02     856.9   177.0   206.0
           4.3E+01    43.3    4.0E+02     398.4   170.0   207.0
           3.7E+01    36.5    6.4E+02     637.6   171.0   209.0
           3.7E+01    36.5    1.1E+02     110.0   165.0   205.0
           4.0E+01    39.6    9.5E+02     947.0   179.0   209.0
           5.0E+01    49.5    1.2E+03    1212.3   181.0   199.0
           4.2E+01    42.1    9.0E+02     902.1   177.0   189.0
           4.6E+01    45.8    8.6E+01      85.9   155.0   182.0
           6.1E+01    61.3    6.0E+02     596.6   221.0   206.0
           4.9E+01    48.9    6.1E+02     605.0   224.0   204.0
           4.9E+01    48.9    1.2E+02     118.5   228.0   202.0
           5.6E+01    55.7    4.9E+02     490.8   231.0   201.0
           4.5E+01    45.2    9.5E+02     945.5   232.0   198.0
           5.4E+01    54.5    5.7E+02     569.4   238.0   199.0
           6.1E+01    60.7    1.1E+03    1066.6   233.0   207.0
           4.3E+01    42.7    4.0E+02     401.8   240.0   206.0
           4.6E+01    45.8    7.4E+02     735.7   239.0   204.0
           4.4E+01    44.0    1.4E+03    1415.9   244.0   204.0
           3.8E+01    38.4    7.5E+02     750.3   241.0   205.0
           4.3E+01    43.3    1.2E+03    1204.7   244.0   201.0
           3.7E+01    37.2    8.1E+02     806.3   245.0   197.0
           3.9E+01    39.0    4.6E+02     456.6   233.0   192.0
           4.0E+01    40.2    4.4E+02     435.9   234.0   190.0
           5.3E+01    53.3    5.5E+02     546.7   237.0   186.0
           5.3E+01    52.6    8.9E+01      88.6   237.0   183.0
           4.0E+01    39.6    3.5E+01      34.9   239.0   185.0
           3.7E+01    36.5    2.7E+02     268.4   245.0   183.0
           4.1E+01    40.9    6.7E+02     669.4   247.0   189.0
           2.7E+01    27.2    4.5E+01      44.9   241.0   179.0
           4.5E+01    44.6    4.6E+02     456.2   235.0   180.0
           4.3E+01    43.3    2.5E+02     252.3   229.0   182.0
           4.6E+01    45.8    6.2E+02     619.6   229.0   191.0
           4.1E+01    41.5    4.6E+02     460.1   220.0   196.0
           4.3E+01    42.7    2.5E+02     251.9   222.0   191.0
           3.7E+01    37.2    1.6E+02     155.3   220.0   201.0
           4.7E+01    47.1    1.0E+02     104.7   217.0   186.0
           6.1E+01    61.3    1.4E+03    1407.9   236.0   197.0
           6.1E+01    61.3    4.8E+02     475.8   292.0   202.0
           4.8E+01    48.3    5.2E+02     515.3   288.0   203.0
           4.1E+01    40.9    8.5E+02     847.3   286.0   205.0
           4.7E+01    47.1    7.4E+02     740.0   283.0   198.0
           6.1E+01    60.7    7.9E+02     787.1   280.0   198.0
           5.1E+01    51.4    2.0E+02     196.7   282.0   194.0
           5.0E+01    49.5    6.2E+02     618.0   280.0   193.0
           5.0E+01    50.2    6.9E+02     691.7   285.0   194.0
           4.0E+01    39.6    6.3E+02     633.4   287.0   189.0
           7.2E+01    71.8    2.2E+02     217.4   285.0   186.0
           4.3E+01    42.7    5.5E+02     546.0   295.0   193.0
           4.0E+01    39.6    7.7E+02     768.7   298.0   194.0
           5.9E+01    59.4    1.7E+03    1696.6   301.0   197.0
           4.1E+01    40.9    2.1E+02     207.8   296.0   183.0
           3.8E+01    38.4    5.1E+02     511.5   304.0   187.0
           3.4E+01    34.1    8.2E+02     823.5   305.0   191.0
           3.5E+01    35.3    3.8E+02     376.5   300.0   192.0
           4.6E+01    46.4    1.9E+03    1856.4   306.0   206.0
           5.0E+01    49.5    1.8E+03    1787.4   307.0   197.0
           4.3E+01    42.7    8.2E+02     819.7   295.0   207.0
           4.8E+01    47.7    1.3E+03    1336.9   297.0   209.0
           4.1E+01    40.9    7.7E+01      77.1   283.0   210.0
           4.1E+01    40.9    6.1E+02     606.9   295.0   188.0
           5.3E+01    52.6    6.1E+02     612.3   352.0   200.0
           5.0E+01    49.5    1.4E+03    1431.6   356.0   203.0
           4.4E+01    44.0    1.1E+03    1134.1   359.0   206.0
           5.0E+01    49.5    1.3E+03    1300.5   363.0   202.0
           4.6E+01    46.4    1.0E+03    1033.7   370.0   203.0
           4.4E+01    44.0    9.9E+02     986.1   371.0   208.0
           4.8E+01    48.3    1.2E+03    1158.6   358.0   196.0
           4.4E+01    44.0    1.3E+02     134.6   354.0   197.0
           5.1E+01    50.8    9.9E+01      99.3   346.0   197.0
           4.6E+01    45.8    3.0E+02     304.4   361.0   184.0
           5.2E+01    52.0    6.3E+02     626.9   357.0   188.0
           4.4E+01    44.0    6.4E+02     639.1   368.0   182.0
           4.7E+01    47.1    7.6E+02     762.2   360.0   180.0
           4.0E+01    39.6    9.0E+02     901.4   370.0   180.0
           6.1E+01    60.7    4.9E+02     485.8   353.0   183.0
           3.6E+01    35.9    6.5E+02     654.1   346.0   191.0
           4.1E+01    40.9    1.2E+03    1186.2   353.0   207.0
           5.4E+01    54.5    1.2E+03    1169.4   426.0   198.0
           6.6E+01    66.3    2.0E+02     204.7   430.0   184.0
           4.2E+01    42.1    6.8E+02     679.8   427.0   187.0
           6.2E+01    61.9    5.8E+02     580.5   422.0   184.0
           4.9E+01    48.9    3.1E+02     309.4   404.0   186.0
           5.0E+01    49.5    2.7E+02     266.1   404.0   190.0
           5.7E+01    57.0    4.7E+01      47.2   419.0   204.0
           5.8E+01    57.6    7.9E+02     788.3   419.0   181.0
           3.5E+01    34.7    4.3E+02     434.0   478.0   183.0
           4.8E+01    48.3    1.3E+03    1252.2   485.0   187.0
           4.5E+01    45.2    1.3E+02     134.6   474.0   203.0
           4.7E+01    47.1    1.1E+03    1073.1   471.0   203.0
           5.8E+01    57.6    5.6E+02     563.6   470.0   199.0
           4.3E+01    42.7    9.1E+02     908.7   477.0   203.0
           4.5E+01    44.6    9.8E+02     977.3   478.0   206.0
           4.5E+01    44.6    1.1E+03    1068.2   474.0   210.0
           4.8E+01    47.7    1.0E+03    1026.0   495.0   207.0
           3.7E+01    37.2    8.3E+02     830.4   484.0   194.0
           5.3E+01    52.6    2.2E+02     215.1   465.0   180.0
           5.7E+01    57.0    1.6E+03    1623.7   549.0   206.0
           6.1E+01    60.7    1.9E+03    1905.9   554.0   208.0
           4.4E+01    44.0    1.5E+03    1526.3   552.0   204.0
           4.6E+01    46.4    1.0E+03    1028.7   540.0   198.0
           4.2E+01    42.1    1.2E+03    1248.7   541.0   201.0
           4.8E+01    48.3    3.3E+02     329.0   529.0   190.0
           4.1E+01    41.5    7.8E+02     777.9   617.0   136.0
           4.0E+01    39.6    9.1E+02     913.6   615.0   140.0
           4.6E+01    45.8    1.5E+03    1458.5   618.0   145.0
           3.8E+01    37.8    9.9E+02     991.5   614.0   146.0
           6.1E+01    61.3    2.1E+03    2067.3   617.0   128.0
           6.6E+01    65.6    3.6E+02     361.2   611.0   129.0
           5.3E+01    52.6    8.3E+02     826.2   607.0   126.0
           4.5E+01    44.6    8.2E+02     823.5   600.0   132.0
           3.5E+01    34.7    3.9E+02     392.2   604.0   139.0
           6.5E+01    65.0    1.7E+03    1713.4   598.0   142.0
           5.7E+01    57.0    1.7E+02     174.1   598.0   120.0
           4.5E+01    45.2    3.1E+02     310.9   603.0   120.0
           5.0E+01    49.5    1.1E+03    1066.6   608.0   123.0
           7.4E+01    74.3    1.0E+03     997.2   550.0   146.0
           7.1E+01    70.6    2.5E+02     249.6   545.0   125.0
           5.9E+01    58.8    1.2E+03    1185.5   490.0   134.0
           4.5E+01    45.2    6.5E+02     648.3   484.0   133.0
           5.4E+01    54.5    9.4E+01      93.9   479.0   131.0
           5.6E+01    56.3    6.8E+02     676.3   481.0   129.0
           6.4E+01    63.8    3.8E+02     380.3   478.0   138.0
           5.8E+01    58.2    1.1E+03    1142.9   471.0   145.0
           5.3E+01    53.3    1.2E+03    1205.0   495.0   126.0
           5.4E+01    53.9    6.3E+02     634.5   495.0   120.0
           5.9E+01    58.8    8.6E+02     863.0   490.0   119.0
           4.6E+01    45.8    1.2E+03    1228.4   494.0   133.0
           4.7E+01    47.1    1.5E+03    1462.3   421.0   145.0
           5.9E+01    58.8    1.5E+03    1514.4   421.0   132.0
           7.9E+01    78.6    1.5E+03    1467.7   409.0   129.0
           8.7E+01    86.7    1.5E+02     152.2   407.0   118.0
           6.6E+01    65.6    4.2E+02     417.9   422.0   120.0
           4.8E+01    47.7    1.2E+03    1150.6   434.0   141.0
           5.5E+01    55.1    3.3E+01      33.4   361.0   136.0
           7.1E+01    70.6    9.4E+01      93.6   350.0   138.0
           5.0E+01    49.5    7.1E+02     709.3   347.0   145.0
           4.8E+01    48.3    4.5E+02     454.7   347.0   134.0
           5.4E+01    53.9    6.2E+02     615.4   353.0   126.0
           4.6E+01    46.4    1.1E+02     112.0   347.0   123.0
           3.7E+01    37.2    3.4E+02     336.2   346.0   121.0
           4.8E+01    47.7    4.1E+02     408.3   341.0   125.0
           4.8E+01    48.3    3.5E+02     348.5   353.0   118.0
           5.1E+01    51.4    1.9E+03    1909.3   360.0   148.0
           4.1E+01    41.5    3.7E+02     365.4   355.0   148.0
           4.8E+01    48.3    8.4E+02     843.9   357.0   137.0
           6.9E+01    69.3    1.3E+03    1300.1   303.0   147.0
           4.6E+01    45.8    1.5E+03    1516.0   309.0   142.0
           5.1E+01    50.8    1.7E+03    1696.2   305.0   140.0
           5.9E+01    58.8    1.7E+03    1706.9   306.0   134.0
           6.3E+01    62.5    2.0E+02     199.8   304.0   122.0
           6.6E+01    65.6    7.7E+02     772.2   282.0   143.0
           6.3E+01    62.5    2.0E+03    2017.5   290.0   149.0
           8.1E+01    81.1    1.6E+03    1630.2   291.0   132.0
           6.7E+01    67.5    4.9E+02     490.8   285.0   118.0
           4.0E+01    40.2    6.9E+02     689.0   288.0   124.0
           7.7E+01    77.4    1.0E+03     997.2   234.0   144.0
           6.6E+01    66.3    2.6E+02     259.9   241.0   138.0
           4.3E+01    43.3    1.2E+03    1233.0   242.0   142.0
           6.4E+01    64.4    3.7E+02     366.5   242.0   129.0
           8.1E+01    81.1    3.7E+02     368.4   233.0   121.0
           4.9E+01    48.9    4.1E+02     406.4   228.0   126.0
           4.9E+01    48.9    8.2E+02     818.6   229.0   138.0
           5.4E+01    53.9    3.7E+02     372.7   221.0   143.0
           3.6E+01    35.9    1.2E+03    1169.0   223.0   147.0
           3.0E+01    30.3    2.3E+02     225.1   231.0   140.0
           5.1E+01    51.4    1.4E+02     143.0   162.0   144.0
           4.4E+01    44.0    2.3E+02     231.6   166.0   144.0
           3.3E+01    33.4    7.5E+02     752.2   166.0   147.0
           4.9E+01    48.9    3.1E+02     314.8   161.0   124.0
           5.3E+01    52.6    1.1E+02     107.7   182.0   125.0
           4.3E+01    42.7    5.1E+02     506.5   172.0   122.0
           5.1E+01    50.8    1.2E+02     118.5   162.0   118.0
           4.4E+01    44.0    1.3E+03    1284.8   175.0    83.0
           5.0E+01    49.5    1.3E+03    1319.3   173.0    78.0
           3.8E+01    37.8    3.2E+02     317.1   169.0    76.0
           4.4E+01    44.0    6.0E+02     600.0   160.0    74.0
           4.1E+01    40.9    1.9E+02     193.2   165.0    63.0
           4.5E+01    44.6    4.9E+02     491.5   167.0    62.0
           4.1E+01    41.5    9.4E+02     944.7   177.0    60.0
           5.9E+01    59.4    6.6E+02     664.8   183.0    76.0
           4.5E+01    45.2    3.4E+02     338.2   160.0    56.0
           5.2E+01    52.0    8.9E+01      89.3   168.0    56.0
           4.9E+01    48.9    1.7E+03    1731.1   246.0    79.0
           4.4E+01    44.0    1.5E+03    1479.6   238.0    78.0
           4.3E+01    42.7    7.4E+02     739.6   234.0    75.0
           3.8E+01    38.4    5.1E+02     514.1   239.0    60.0
           5.0E+01    49.5    1.6E+03    1624.5   245.0    69.0
           6.9E+01    69.3    8.4E+02     844.6   288.0    75.0
           5.4E+01    54.5    1.1E+03    1078.9   298.0    84.0
           6.8E+01    68.1    4.7E+02     468.5   291.0    70.0
           5.6E+01    55.7    8.9E+02     894.1   292.0    60.0
           4.8E+01    47.7    5.2E+01      51.8   281.0    58.0
           4.0E+01    40.2    6.0E+02     603.9   291.0    57.0
           3.7E+01    36.5    3.0E+02     296.0   304.0    63.0
           5.3E+01    53.3    1.3E+03    1263.7   302.0    68.0
           3.6E+01    35.9    5.2E+02     520.3   296.0    63.0
           3.3E+01    33.4    3.3E+02     327.0   302.0    60.0
           3.9E+01    39.0    8.4E+02     840.4   291.0    85.0
           4.9E+01    48.9    7.3E+02     729.2   363.0    76.0
           4.8E+01    47.7    8.2E+02     818.2   360.0    70.0
           5.1E+01    50.8    8.5E+02     851.9   354.0    76.0
           5.0E+01    49.5    8.0E+02     801.7   341.0    83.0
           4.3E+01    43.3    1.0E+03     996.8   345.0    83.0
           5.0E+01    49.5    1.0E+03    1044.4   349.0    73.0
           5.1E+01    51.4    3.4E+02     338.2   359.0    62.0
           5.3E+01    53.3    4.8E+02     483.1   360.0    67.0
           4.7E+01    47.1    1.0E+03    1006.8   367.0    59.0
           5.0E+01    49.5    8.0E+02     804.8   407.0    77.0
           4.5E+01    45.2    3.4E+02     338.9   408.0    56.0
           5.8E+01    58.2    6.3E+02     629.9   410.0    65.0
           6.4E+01    64.4    1.1E+03    1072.4   414.0    67.0
           4.8E+01    47.7    1.4E+03    1442.7   421.0    78.0
           4.1E+01    41.5    8.7E+02     871.5   414.0    78.0
           4.5E+01    44.6    1.5E+03    1524.0   409.0    84.0
           4.4E+01    44.0    9.6E+01      95.9   480.0    79.0
           6.5E+01    65.0    1.8E+03    1758.3   487.0    86.0
           4.3E+01    42.7    8.5E+02     854.6   474.0    86.0
           5.4E+01    53.9    1.2E+03    1211.2   537.0    82.0
           5.0E+01    50.2    9.6E+01      96.2   534.0    79.0
           4.3E+01    43.3    9.4E+02     939.3   534.0    75.0
           4.3E+01    42.7    1.0E+03    1001.8   543.0    68.0
           5.4E+01    53.9    7.9E+01      78.6   537.0    59.0
           6.1E+01    61.3    9.3E+01      93.2   528.0    65.0
           4.3E+01    43.3    4.2E+02     420.2   547.0    57.0
           4.6E+01    45.8    7.8E+02     776.0   549.0    65.0
           5.0E+01    49.5    6.6E+02     657.2   555.0    73.0
           5.3E+01    53.3    1.1E+03    1098.8   556.0    62.0
           4.5E+01    45.2    4.2E+02     422.9   557.0    55.0
           4.0E+01    40.2    4.9E+02     488.1   527.0    81.0
           5.0E+01    49.5    3.0E+02     300.6   532.0    71.0
           5.3E+01    52.6    1.4E+03    1379.5   545.0    24.0
           5.6E+01    56.3    6.5E+02     653.3   539.0     4.0
           7.0E+01    70.0    1.2E+03    1187.0   541.0     8.0
           6.2E+01    61.9    2.3E+03    2290.8   557.0    18.0
           7.1E+01    70.6    1.1E+03    1074.7   475.0    10.0
           6.5E+01    65.0    6.8E+02     681.7   474.0     3.0
           5.9E+01    59.4    6.2E+02     618.8   475.0    -1.0
           3.9E+01    39.0    6.2E+02     624.2   466.0    14.0
           5.1E+01    50.8    6.7E+02     672.1   471.0    15.0
           4.8E+01    48.3    1.5E+03    1473.4   485.0    22.0
           4.8E+01    48.3    5.4E+02     537.9   495.0     8.0
           6.9E+01    68.7    1.5E+03    1502.2   424.0    16.0
           8.0E+01    80.5    7.6E+02     761.8   412.0     3.0
           4.0E+01    40.2    2.4E+02     235.4   403.0     0.0
           4.5E+01    44.6    2.6E+02     262.2   404.0    20.0
           4.4E+01    44.0    4.0E+02     396.4   427.0    -4.0
           7.2E+01    72.4    1.3E+03    1325.8   359.0    18.0
           4.8E+01    48.3    4.4E+02     440.9   347.0    11.0
           4.5E+01    45.2    8.7E+02     868.0   371.0    -2.0
           5.8E+01    58.2    8.9E+02     894.5   303.0    14.0
           6.7E+01    67.5    7.0E+02     695.9   289.0     3.0
           5.8E+01    57.6    6.8E+02     684.4   226.0     9.0
           6.4E+01    63.8    5.6E+02     555.2   226.0    -3.0
           4.9E+01    48.9    7.3E+02     730.4   218.0    13.0
           5.3E+01    52.6    3.4E+02     340.8   224.0    -6.0
           4.2E+01    42.1    6.4E+01      64.4   217.0    -6.0
           4.3E+01    43.3    1.0E+03    1039.4   170.0    17.0
           4.0E+01    40.2    2.5E+02     253.4   166.0    14.0
           8.7E+01    87.3    3.9E+02     394.9   173.0     5.0
           4.3E+01    43.3    7.4E+01      74.4   175.0    -4.0
           4.5E+01    45.2    9.5E+02     947.4   181.0     9.0
           5.5E+01    55.1    6.8E+02     677.9   155.0    21.0
           5.4E+01    53.9    1.7E+02     174.8   156.0   -63.0
           6.9E+01    69.3    1.1E+03    1146.0   162.0   -59.0
           4.7E+01    47.1    4.3E+02     427.1   226.0   -52.0

     Mean   48    48.3      658     657.6   282   173

     Cell Type Fluoroscein  (168)

           4.5E+01    44.6    3.4E+02     343.1   283.0   450.0
           6.2E+01    61.9    8.7E+02     870.3   294.0   449.0
           4.0E+01    40.2    5.7E+02     571.7   304.0   445.0
           5.1E+01    50.8    7.5E+01      75.1   300.0   433.0
           5.0E+01    49.5    1.7E+02     168.7   303.0   436.0
           5.3E+01    53.3    1.0E+03    1012.2   296.0   439.0
           6.6E+01    65.6    3.6E+02     362.3   288.0   436.0
           5.8E+01    57.6    4.4E+01      44.1   280.0   434.0
           4.5E+01    45.2    2.9E+02     289.5   290.0   428.0
           6.7E+01    67.5    1.3E+02     135.0   342.0   433.0
           4.4E+01    44.0    3.8E+02     380.0   357.0   432.0
           4.9E+01    48.9    9.5E+02     948.2   359.0   438.0
           4.5E+01    44.6    1.4E+03    1355.7   362.0   442.0
           6.3E+01    63.2    1.3E+03    1256.0   350.0   450.0
           4.5E+01    44.6    9.9E+02     986.1   366.0   431.0
           3.8E+01    38.4    2.9E+02     289.9   157.0   389.0
           3.7E+01    36.5    6.8E+02     675.9   163.0   394.0
           4.7E+01    47.1    7.3E+02     728.5   161.0   389.0
           5.1E+01    50.8    5.6E+02     560.9   169.0   392.0
           4.9E+01    48.9    6.4E+02     639.1   173.0   389.0
           6.3E+01    62.5    1.5E+03    1466.5   164.0   384.0
           4.2E+01    42.1    9.8E+01      98.2   179.0   391.0
           5.1E+01    50.8    1.1E+03    1083.5   180.0   380.0
           5.3E+01    53.3    1.4E+03    1350.3   181.0   378.0
           5.2E+01    52.0    9.0E+02     904.8   182.0   374.0
           3.3E+01    33.4    8.8E+02     881.8   183.0   373.0
           4.1E+01    40.9    6.1E+02     607.3   180.0   372.0
           5.1E+01    51.4    6.0E+02     603.9   171.0   378.0
           4.1E+01    40.9    2.7E+02     273.4   168.0   375.0
           3.8E+01    37.8    3.3E+02     325.9   159.0   374.0
           4.3E+01    43.3    4.3E+02     433.6   158.0   371.0
           4.0E+01    39.6    1.0E+02     103.9   154.0   377.0
           4.6E+01    45.8    6.1E+02     607.3   167.0   366.0
           5.4E+01    54.5    8.8E+02     880.7   184.0   366.0
           6.7E+01    66.9    7.4E+02     743.0   230.0   391.0
           5.9E+01    58.8    3.2E+02     320.1   229.0   384.0
           4.3E+01    42.7    6.9E+02     686.7   233.0   380.0
           5.6E+01    56.3    6.1E+02     611.5   235.0   381.0
           4.4E+01    44.0    7.0E+02     704.3   232.0   372.0
           4.0E+01    39.6    7.0E+02     703.5   239.0   370.0
           4.2E+01    42.1    1.1E+03    1142.2   236.0   366.0
           4.1E+01    41.5    1.3E+01      12.7   219.0   368.0
           3.7E+01    37.2    6.7E+02     670.6   217.0   389.0
           4.6E+01    45.8    3.5E+02     352.0   219.0   396.0
           5.1E+01    51.4    8.8E+02     882.6   242.0   395.0
           5.4E+01    53.9    1.1E+03    1065.5   233.0   388.0
           3.8E+01    37.8    8.3E+02     831.6   243.0   391.0
           3.8E+01    38.4    3.1E+02     305.6   222.0   374.0
           4.8E+01    47.7    1.3E+03    1299.4   304.0   388.0
           4.4E+01    44.0    1.0E+03    1018.7   300.0   396.0
           5.3E+01    52.6    1.1E+03    1092.3   286.0   386.0
           5.4E+01    54.5    5.6E+02     559.4   285.0   373.0
           6.8E+01    68.1    1.2E+03    1228.8   291.0   375.0
           4.8E+01    47.7    4.7E+02     473.1   288.0   370.0
           6.2E+01    61.9    1.2E+03    1204.7   301.0   377.0
           4.3E+01    42.7    1.0E+03    1044.0   306.0   381.0
           4.2E+01    42.1    8.0E+02     803.2   302.0   366.0
           3.8E+01    37.8    1.0E+03    1009.1   308.0   387.0
           5.3E+01    52.6    5.9E+02     591.2   351.0   387.0
           4.4E+01    44.0    1.0E+03    1006.0   355.0   389.0
           5.9E+01    59.4    6.8E+02     676.7   344.0   379.0
           5.9E+01    58.8    7.6E+02     757.2   355.0   374.0
           4.1E+01    41.5    5.4E+01      54.1   352.0   370.0
           5.7E+01    57.0    1.7E+02     173.7   349.0   376.0
           4.5E+01    45.2    4.8E+02     484.6   362.0   370.0
           4.0E+01    40.2    4.2E+02     424.4   358.0   371.0
           4.8E+01    47.7    9.7E+02     972.3   369.0   367.0
           5.3E+01    52.6    5.7E+02     568.6   371.0   392.0
           4.9E+01    48.9    4.8E+02     475.0   109.0   330.0
           5.3E+01    53.3    1.1E+03    1056.3    97.0   334.0
           5.0E+01    49.5    8.5E+02     851.2   116.0   311.0
           5.1E+01    51.4    7.7E+02     765.7   117.0   312.0
           5.3E+01    52.6    6.9E+02     688.2   115.0   305.0
           4.5E+01    45.2    6.8E+02     675.6   123.0   319.0
           5.9E+01    58.8    7.8E+02     777.2   175.0   328.0
           6.3E+01    63.2    2.8E+03    2763.9   178.0   331.0
           5.3E+01    53.3    7.5E+02     751.1   180.0   320.0
           5.1E+01    51.4    1.4E+02     144.2   186.0   319.0
           5.6E+01    56.3    1.0E+03    1024.8   159.0   322.0
           6.1E+01    60.7    7.5E+02     748.8   162.0   326.0
           5.8E+01    57.6    8.2E+02     815.9   162.0   331.0
           3.9E+01    39.0    3.1E+01      31.4   169.0   323.0
           4.6E+01    45.8    2.5E+02     253.0   167.0   304.0
           5.3E+01    52.6    5.5E+02     548.3   173.0   314.0
           6.4E+01    64.4    8.7E+02     874.5   230.0   332.0
           8.1E+01    81.1    1.1E+03    1080.0   231.0   320.0
           4.3E+01    42.7    1.2E+03    1193.5   240.0   321.0
           4.5E+01    44.6    1.1E+03    1111.9   234.0   310.0
           5.1E+01    51.4    7.3E+02     725.8   230.0   310.0
           5.7E+01    57.0    7.5E+02     746.1   224.0   312.0
           5.8E+01    58.2    1.2E+02     116.2   222.0   308.0
           4.9E+01    48.9    3.5E+02     347.7   219.0   318.0
           5.3E+01    53.3    8.1E+02     806.3   223.0   323.0
           5.5E+01    55.1    5.3E+02     529.1   217.0   328.0
           5.3E+01    53.3    5.5E+02     549.4   299.0   324.0
           6.0E+01    60.1    4.6E+02     462.0   297.0   316.0
           3.3E+01    33.4    4.7E+02     468.5   308.0   331.0
           5.2E+01    52.0    1.2E+03    1231.1   285.0   334.0
           6.0E+01    60.1    9.7E+02     974.2   284.0   316.0
           4.8E+01    48.3    1.6E+02     162.2   295.0   326.0
           4.5E+01    45.2    4.1E+02     410.2   351.0   333.0
           3.9E+01    39.0    7.0E+02     697.8   360.0   321.0
           4.2E+01    42.1    4.5E+02     448.2   371.0   310.0
           4.8E+01    47.7    8.0E+01      79.7   343.0   310.0
           4.5E+01    45.2    2.3E+02     232.7   342.0   313.0
           5.7E+01    57.0    1.5E+03    1509.8   345.0   327.0
           4.8E+01    47.7    8.1E+02     808.2   350.0   319.0
           4.8E+01    48.3    1.1E+03    1116.5   483.0   328.0
           5.7E+01    57.0    1.2E+03    1164.8   469.0   325.0
           5.9E+01    59.4    1.3E+03    1288.2   467.0   327.0
           6.4E+01    63.8    2.5E+02     245.4   471.0   309.0
           4.6E+01    45.8    7.7E+02     771.0   481.0   323.0
           5.0E+01    49.5    1.2E+03    1244.5   487.0   331.0
           7.0E+01    70.0    2.2E+02     224.3   538.0   332.0
           4.8E+01    48.3    2.5E+02     245.8   537.0   323.0
           5.6E+01    56.3    1.2E+03    1163.6   542.0   326.0
           4.1E+01    40.9    1.5E+03    1465.7   544.0   330.0
           4.8E+01    47.7    9.8E+01      97.8   548.0   309.0
           3.7E+01    37.2    1.9E+02     187.9   554.0   305.0
           8.0E+01    80.5    1.2E+02     117.7   527.0   260.0
           5.9E+01    58.8    1.2E+03    1191.2   541.0   266.0
           5.0E+01    49.5    6.9E+02     693.6   552.0   243.0
           5.5E+01    55.1    1.2E+03    1249.1   545.0   272.0
           6.0E+01    60.1    2.5E+02     247.3   485.0   260.0
           5.1E+01    51.4    1.3E+02     130.0   417.0   254.0
           4.9E+01    48.9    1.1E+03    1058.2   344.0   271.0
           5.0E+01    50.2    8.0E+02     797.9   341.0   267.0
           5.5E+01    55.1    7.0E+02     702.0   348.0   249.0
           5.1E+01    50.8    1.1E+03    1064.3   371.0   268.0
           4.5E+01    45.2    1.1E+03    1082.0   304.0   269.0
           4.3E+01    43.3    1.8E+03    1773.6   306.0   271.0
           4.6E+01    45.8    4.4E+02     437.1   292.0   252.0
           5.0E+01    49.5    3.1E+02     306.0   283.0   243.0
           4.8E+01    47.7    1.2E+03    1163.6   225.0   262.0
           4.8E+01    48.3    5.4E+02     540.6   229.0   261.0
           7.7E+01    77.4    5.7E+02     574.7   218.0   245.0
           4.6E+01    46.4    5.5E+02     550.9   235.0   242.0
           3.8E+01    37.8    9.9E+02     985.7   236.0   251.0
           5.4E+01    53.9    8.7E+02     873.4   243.0   271.0
           4.6E+01    45.8    2.7E+02     267.2   180.0   269.0
           3.7E+01    36.5    7.8E+02     779.5   186.0   260.0
           5.2E+01    52.0    2.8E+02     283.0   175.0   251.0
           4.3E+01    43.3    4.9E+02     490.0   181.0   242.0
           3.8E+01    37.8    4.6E+02     458.2   160.0   246.0
           5.9E+01    59.4    4.1E+02     405.6   109.0   256.0
           6.6E+01    65.6    1.7E+02     171.0   103.0   254.0
           8.1E+01    81.1    4.3E+02     426.0   120.0   198.0
           7.7E+01    77.4    1.3E+03    1344.2   180.0   205.0
           6.9E+01    69.3    1.0E+03    1027.9   173.0   209.0
           5.8E+01    57.6    1.1E+03    1095.4   236.0   199.0
           5.6E+01    56.3    2.3E+02     232.7   220.0   186.0
           5.9E+01    58.8    5.6E+02     563.2   245.0   193.0
           5.4E+01    53.9    8.2E+02     816.6   422.0   180.0
           6.4E+01    64.4    3.4E+02     337.8   475.0   185.0
           5.9E+01    58.8    9.6E+02     958.9   548.0   183.0
           5.6E+01    56.3    1.3E+03    1279.8   541.0   210.0
           5.5E+01    55.1    2.4E+02     240.8   489.0   117.0
           5.2E+01    52.0    4.2E+02     421.7   369.0   147.0
           4.7E+01    47.1    1.9E+02     185.2   345.0   121.0
           5.6E+01    55.7    6.3E+02     634.9   308.0   118.0
           5.8E+01    58.2    2.6E+02     263.8   172.0    82.0
           6.3E+01    62.5    6.4E+02     642.6   355.0    86.0
           5.7E+01    57.0    1.6E+02     155.7   548.0    59.0
           4.2E+01    42.1    7.5E+02     746.1   371.0     4.0
           4.0E+01    40.2    1.2E+03    1199.7   308.0    15.0
           4.8E+01    47.7    8.3E+02     829.3   174.0     8.0
           5.1E+01    51.4    3.7E+02     370.0   179.0   -61.0
           5.3E+01    53.3    1.1E+03    1146.4   308.0   -42.0

     Mean   51    51.2      692     692.0   286   313
