Stucture reference data file ALU.DAT - 
Written at 03/12/2008 on 17:12

 Cell types 2

     Cell Type Outline  (8)

           4.6E+02   455.7    1.4E+04   14340.7   564.0   208.0
           3.2E+03   3164.6    1.3E+04   12818.5   348.0   343.0
           1.2E+03   1234.2    1.7E+05   168162.2   732.0    -7.0
           7.2E+03   7215.2    3.9E+06   3937109.4   565.0   535.0
           6.5E+03   6481.0    4.6E+06   4625981.4   894.0   377.0
           4.1E+03   4069.6    1.2E+06   1223481.8   870.0    54.0
           5.8E+03   5848.1    5.3E+05   526798.6   506.0   -84.0
           3.5E+03   3525.3    7.2E+05   720597.7   273.0   114.0

     Mean 3999   3999.2   1403661   1403661.3   594   193

     Cell Type Rhodamine  (271)

           3.1E+01    31.0    7.0E+02     695.5   366.0   548.0
           3.7E+01    36.5    7.7E+02     771.0   371.0   554.0
           4.8E+01    48.3    1.1E+03    1069.7   372.0   547.0
           4.0E+01    39.6    8.8E+02     879.9   369.0   545.0
           4.8E+01    47.7    1.5E+03    1466.1   366.0   543.0
           5.6E+01    56.3    9.7E+02     970.4   367.0   533.0
           6.5E+01    65.0    2.3E+03    2331.5   377.0   541.0
           3.8E+01    38.4    1.4E+03    1356.1   376.0   530.0
           5.0E+01    49.5    1.5E+03    1506.0   375.0   522.0
           4.4E+01    44.0    1.0E+03    1030.6   372.0   522.0
           4.5E+01    44.6    8.9E+02     891.8   366.0   524.0
           5.0E+01    50.2    5.7E+02     567.4   361.0   526.0
           4.8E+01    48.3    6.0E+02     602.3   362.0   529.0
           5.3E+01    52.6    1.2E+03    1210.8   359.0   534.0
           3.4E+01    34.1    5.8E+02     582.8   357.0   533.0
           3.2E+01    32.2    4.2E+02     419.4   354.0   529.0
           3.0E+01    29.7    4.5E+02     452.0   353.0   524.0
           3.3E+01    32.8    5.1E+02     514.1   356.0   524.0
           3.8E+01    37.8    1.9E+02     189.8   346.0   527.0
           4.6E+01    45.8    1.2E+03    1180.5   363.0   518.0
           4.9E+01    48.9    1.1E+02     107.4   357.0   516.0
           4.6E+01    45.8    7.4E+02     738.8   350.0   514.0
           3.7E+01    37.2    2.1E+02     205.5   348.0   513.0
           5.4E+01    54.5    1.2E+03    1186.6   357.0   512.0
           5.4E+01    54.5    1.1E+03    1091.5   357.0   510.0
           6.1E+01    61.3    1.7E+03    1744.5   356.0   507.0
           6.7E+01    66.9    1.6E+02     161.0   358.0   507.0
           4.5E+01    44.6    8.9E+02     894.5   357.0   504.0
           5.7E+01    57.0    1.2E+03    1180.5   362.0   505.0
           5.3E+01    52.6    1.2E+03    1220.4   366.0   499.0
           4.0E+01    40.2    6.5E+02     651.8   358.0   498.0
           5.5E+01    55.1    1.2E+03    1170.9   366.0   512.0
           5.8E+01    57.6    5.1E+02     508.0   370.0   511.0
           4.6E+01    46.4    1.5E+03    1455.8   372.0   518.0
           4.1E+01    41.5    1.2E+03    1150.2   374.0   508.0
           4.1E+01    40.9    1.5E+03    1513.3   371.0   496.0
           3.6E+01    35.9    9.8E+02     976.1   371.0   493.0
           5.7E+01    57.0    1.1E+03    1094.2   365.0   491.0
           2.8E+01    27.9    7.2E+02     721.6   365.0   494.0
           4.4E+01    44.0    9.1E+02     912.1   371.0   490.0
           4.1E+01    40.9    7.7E+00       7.7   348.0   496.0
           4.1E+01    40.9    3.7E+02     366.1   347.0   497.0
           5.2E+01    52.0    4.5E+02     452.8   349.0   490.0
           4.2E+01    42.1    4.6E+01      45.6   350.0   493.0
           3.8E+01    38.4    3.6E+02     361.2   348.0   506.0
           4.3E+01    42.7    7.8E+02     782.9   353.0   502.0
           3.8E+01    38.4    6.1E+02     614.2   355.0   521.0
           4.1E+01    41.5    1.2E+03    1215.0   369.0   500.0
           4.1E+01    41.5    1.3E+03    1272.9   376.0   500.0
           3.4E+01    34.1    9.5E+02     952.4   371.0   506.0
           3.7E+01    37.2    3.5E+02     347.0   359.0   494.0
           5.4E+01    53.9    1.5E+03    1478.8   362.0   489.0
           3.8E+01    38.4    3.2E+02     316.7   356.0   490.0
           3.7E+01    37.2    1.2E+03    1222.7   360.0   489.0
           4.5E+01    44.6    1.1E+03    1090.4   359.0   483.0
           2.7E+01    27.2    3.1E+02     312.9   357.0   482.0
           3.9E+01    39.0    6.1E+02     610.4   355.0   484.0
           3.9E+01    39.0    8.4E+02     841.2   348.0   479.0
           3.8E+01    37.8    1.6E+02     155.7   345.0   472.0
           4.5E+01    44.6    5.0E+02     504.9   349.0   468.0
           4.6E+01    46.4    2.2E+02     216.6   353.0   464.0
           3.5E+01    35.3    1.8E+02     179.0   357.0   467.0
           5.5E+01    55.1    6.1E+02     606.5   355.0   473.0
           3.1E+01    31.0    6.4E+01      64.4   353.0   471.0
           5.4E+01    53.9    6.2E+02     618.8   357.0   478.0
           5.1E+01    50.8    4.5E+02     447.0   351.0   477.0
           4.0E+01    39.6    8.4E+02     843.9   365.0   467.0
           4.1E+01    40.9    6.8E+02     684.4   361.0   465.0
           3.4E+01    34.1    9.7E+01      96.6   362.0   463.0
           5.4E+01    54.5    8.3E+02     832.8   363.0   473.0
           3.7E+01    36.5    8.8E+02     877.6   362.0   476.0
           4.5E+01    45.2    3.1E+02     311.3   367.0   479.0
           4.3E+01    42.7    2.3E+02     233.5   364.0   481.0
           2.7E+01    26.6    2.9E+02     293.7   360.0   484.0
           4.4E+01    44.0    7.3E+00       7.3   346.0   488.0
           3.7E+01    36.5    5.5E+02     553.2   375.0   468.0
           3.4E+01    34.1    9.9E+02     993.8   371.0   475.0
           3.7E+01    36.5    4.1E+02     412.9   351.0   468.0
           4.6E+01    45.8    1.6E+03    1640.2   369.0   459.0
           4.1E+01    40.9    6.8E+02     682.1   375.0   455.0
           4.3E+01    43.3    1.3E+03    1337.7   359.0   454.0
           5.0E+01    50.2    1.5E+03    1539.4   355.0   447.0
           4.4E+01    44.0    5.2E+02     519.5   356.0   443.0
           4.7E+01    47.1    8.0E+02     802.1   361.0   445.0
           5.0E+01    49.5    2.1E+03    2061.6   371.0   449.0
           4.0E+01    40.2    1.0E+03    1011.8   360.0   432.0
           6.7E+01    67.5    2.9E+01      29.1   357.0   423.0
           3.9E+01    39.0    5.9E+02     587.8   359.0   395.0
           3.4E+01    34.1    2.4E+02     242.3   388.0   583.0
           4.9E+01    48.9    8.7E+02     866.5   397.0   574.0
           3.2E+01    31.6    4.6E+02     459.7   393.0   580.0
           4.0E+01    39.6    5.0E+02     502.6   391.0   556.0
           4.8E+01    48.3    1.1E+03    1069.3   400.0   554.0
           4.0E+01    39.6    1.4E+03    1412.1   407.0   567.0
           5.0E+01    50.2    1.9E+03    1886.3   409.0   555.0
           2.7E+01    26.6    1.1E+02     111.2   379.0   558.0
           4.3E+01    43.3    2.3E+02     231.2   380.0   533.0
           3.8E+01    38.4    7.2E+01      71.7   382.0   536.0
           4.8E+01    48.3    7.8E+02     776.0   381.0   541.0
           6.3E+01    62.5    9.8E+02     977.3   386.0   548.0
           4.8E+01    48.3    1.4E+03    1419.7   391.0   544.0
           3.7E+01    37.2    3.1E+02     314.8   389.0   540.0
           5.8E+01    57.6    5.5E+02     547.9   395.0   547.0
           5.2E+01    52.0    1.7E+03    1710.0   405.0   546.0
           3.7E+01    36.5    6.7E+02     674.8   392.0   528.0
           2.6E+01    26.0    3.3E+02     331.3   387.0   523.0
           4.3E+01    43.3    8.5E+02     852.3   402.0   530.0
           2.9E+01    29.1    8.2E+02     818.2   402.0   523.0
           3.3E+01    33.4    3.2E+02     324.4   393.0   538.0
           4.6E+01    46.4    2.4E+02     236.9   378.0   498.0
           5.8E+01    57.6    4.1E+02     412.9   378.0   494.0
           4.5E+01    44.6    1.5E+02     148.0   382.0   505.0
           3.0E+01    30.3    2.8E+02     283.0   378.0   509.0
           3.1E+01    31.0    6.4E+01      64.4   380.0   511.0
           2.2E+01    21.7    2.7E+02     269.9   378.0   513.0
           4.4E+01    44.0    8.4E+02     840.4   378.0   517.0
           3.7E+01    36.5    2.8E+02     281.0   386.0   519.0
           3.9E+01    39.0    9.0E+02     903.3   389.0   511.0
           2.3E+01    22.9    3.4E+02     341.6   386.0   506.0
           3.5E+01    35.3    9.9E+02     988.8   392.0   506.0
           4.2E+01    42.1    9.9E+02     994.5   396.0   503.0
           4.2E+01    42.1    8.8E+02     884.5   398.0   500.0
           3.0E+01    29.7    4.5E+02     449.7   403.0   504.0
           2.6E+01    26.0    6.6E+02     663.3   398.0   515.0
           2.8E+01    27.9    7.0E+02     697.4   395.0   521.0
           2.9E+01    29.1    1.0E+03    1031.7   408.0   516.0
           4.4E+01    44.0    8.0E+02     798.6   385.0   494.0
           3.2E+01    32.2    3.6E+02     360.8   389.0   494.0
           3.3E+01    33.4    8.6E+02     865.0   398.0   492.0
           4.5E+01    45.2    4.8E+02     478.1   379.0   486.0
           3.3E+01    32.8    5.5E+01      55.2   379.0   479.0
           4.4E+01    44.0    1.1E+03    1079.7   381.0   482.0
           5.1E+01    50.8    2.5E+02     248.1   386.0   479.0
           4.7E+01    47.1    6.7E+02     670.2   390.0   474.0
           2.5E+01    25.4    5.6E+01      56.0   397.0   483.0
           3.5E+01    34.7    1.1E+03    1059.0   394.0   489.0
           4.4E+01    44.0    2.4E+03    2423.1   406.0   486.0
           3.5E+01    35.3    1.2E+02     118.5   391.0   463.0
           4.8E+01    47.7    7.1E+02     712.7   380.0   465.0
           4.2E+01    42.1    5.2E+02     522.6   377.0   444.0
           4.0E+01    40.2    4.0E+02     401.0   377.0   447.0
           8.4E+01    84.2    1.2E+03    1212.3   392.0   429.0
           3.4E+01    34.1    5.3E+01      52.9   394.0   443.0
           4.2E+01    42.1    7.0E+02     703.9   387.0   440.0
           4.9E+01    48.9    9.4E+01      93.6   416.0   563.0
           4.1E+01    41.5    6.4E+02     644.9   428.0   566.0
           3.8E+01    37.8    1.8E+03    1774.8   435.0   584.0
           3.8E+01    38.4    1.0E+03    1039.8   422.0   574.0
           3.2E+01    31.6    7.4E+02     736.9   428.0   526.0
           2.8E+01    28.5    4.6E+02     462.8   414.0   530.0
           2.4E+01    23.5    5.6E+02     563.6   427.0   495.0
           4.5E+01    45.2    1.0E+03    1006.4   425.0   483.0
           3.6E+01    35.9    4.8E+02     483.9   411.0   445.0
           3.2E+01    31.6    2.7E+02     269.1   367.0   114.0
           2.5E+01    25.4    4.8E+01      47.9   347.0    89.0
           3.3E+01    32.8    5.5E+02     548.3   326.0    90.0
           6.5E+01    65.0    2.8E+02     281.8   320.0    93.0
           3.7E+01    36.5    7.3E+02     725.0   315.0    96.0
           4.6E+01    46.4    4.0E+01      40.3   319.0   101.0
           4.9E+01    48.9    4.3E+02     433.6   314.0   125.0
           5.0E+01    49.5    1.3E+03    1321.6   307.0   212.0
           4.7E+01    47.1    5.9E+02     585.8   294.0   182.0
           5.5E+01    55.1    5.4E+02     538.7   286.0   187.0
           3.4E+01    34.1    8.6E+02     858.8   290.0   185.0
           3.0E+01    29.7    3.0E+02     301.7   287.0   172.0
           4.3E+01    42.7    1.2E+02     117.3   292.0   168.0
           5.8E+01    58.2    4.2E+02     421.4   293.0   163.0
           4.5E+01    45.2    8.6E+02     863.0   293.0   153.0
           5.4E+01    53.9    8.9E+02     888.3   289.0   146.0
           3.3E+01    33.4    6.4E+02     643.3   292.0   142.0
           5.0E+01    49.5    3.4E+02     337.8   285.0   142.0
           5.6E+01    56.3    6.6E+02     658.7   288.0   139.0
           4.2E+01    42.1    1.1E+03    1070.8   295.0   150.0
           5.7E+01    57.0    1.5E+03    1544.7   299.0   145.0
           4.8E+01    47.7    1.8E+03    1778.6   298.0   167.0
           4.8E+01    47.7    1.6E+03    1593.4   301.0   165.0
           4.6E+01    46.4    1.7E+03    1651.7   299.0   163.0
           4.8E+01    47.7    1.6E+03    1576.9   302.0   159.0
           5.0E+01    50.2    1.5E+03    1492.2   300.0   152.0
           5.9E+01    58.8    2.0E+03    2007.9   310.0   150.0
           4.8E+01    47.7    7.6E+02     763.7   295.0   140.0
           3.7E+01    36.5    9.7E+02     970.0   305.0   154.0
           5.3E+01    52.6    1.7E+03    1690.0   309.0   134.0
           4.5E+01    45.2    7.3E+02     725.8   302.0   126.0
           4.5E+01    44.6    4.7E+02     473.5   300.0   127.0
           4.2E+01    42.1    4.5E+02     451.6   296.0   127.0
           3.8E+01    37.8    8.5E+02     851.5   298.0   134.0
           5.9E+01    58.8    1.8E+03    1752.5   291.0   136.0
           5.5E+01    55.1    1.5E+03    1471.9   292.0   130.0
           4.2E+01    42.1    9.8E+02     982.7   288.0   130.0
           4.1E+01    41.5    7.2E+02     718.9   288.0   129.0
           5.0E+01    49.5    1.2E+03    1208.5   287.0   136.0
           8.9E+01    89.2    2.0E+03    2047.0   284.0   129.0
           3.4E+01    34.1    3.1E+02     309.4   283.0   128.0
           4.3E+01    42.7    7.4E+02     736.1   281.0   123.0
           3.7E+01    37.2    7.0E+02     700.5   282.0   119.0
           5.2E+01    52.0    7.4E+02     737.7   284.0   115.0
           3.2E+01    32.2    2.2E+02     220.5   282.0   116.0
           4.6E+01    45.8    2.5E+02     250.4   285.0   115.0
           3.7E+01    37.2    6.8E+02     681.3   286.0   118.0
           5.3E+01    53.3    5.5E+02     550.2   289.0   114.0
           4.8E+01    48.3    1.2E+03    1206.2   291.0   118.0
           4.1E+01    41.5    1.2E+03    1240.3   292.0   120.0
           4.8E+01    47.7    4.3E+02     427.9   287.0   109.0
           5.1E+01    51.4    4.5E+02     445.1   289.0   110.0
           4.6E+01    45.8    9.1E+02     911.7   291.0   112.0
           4.1E+01    40.9    1.6E+02     160.6   288.0   106.0
           4.2E+01    42.1    1.1E+03    1060.9   296.0   110.0
           4.8E+01    48.3    6.3E+02     631.8   298.0   109.0
           5.1E+01    51.4    7.0E+02     701.2   295.0   106.0
           3.6E+01    35.9    2.7E+02     271.4   297.0   120.0
           5.1E+01    51.4    9.0E+02     898.3   300.0   118.0
           5.6E+01    56.3    6.9E+02     691.3   307.0   118.0
           6.2E+01    61.9    2.2E+03    2192.7   304.0   118.0
           4.5E+01    44.6    1.6E+03    1632.9   310.0   118.0
           3.8E+01    38.4    1.1E+03    1139.1   310.0   110.0
           5.3E+01    52.6    8.8E+02     876.1   307.0   107.0
           5.0E+01    50.2    1.2E+03    1164.4   304.0   124.0
           4.2E+01    42.1    8.9E+02     887.6   291.0   127.0
           4.6E+01    46.4    1.5E+03    1518.3   309.0   131.0
           3.3E+01    32.8    1.9E+02     190.6   285.0   106.0
           4.9E+01    48.9    6.6E+02     662.9   297.0   105.0
           4.8E+01    47.7    1.0E+03    1032.9   300.0   104.0
           4.7E+01    47.1    2.4E+02     243.5   307.0   103.0
           4.1E+01    41.5    1.0E+02     104.7   289.0   104.0
           4.1E+01    41.5    8.1E+01      81.3   285.0   100.0
           4.3E+01    43.3    3.5E+02     352.7   290.0    97.0
           4.3E+01    43.3    6.8E+02     676.7   285.0    93.0
           5.0E+01    49.5    2.7E+02     274.9   295.0    90.0
           4.6E+01    45.8    5.3E+02     528.3   296.0    94.0
           4.5E+01    44.6    2.8E+02     284.1   297.0    97.0
           5.6E+01    55.7    1.7E+03    1733.7   296.0   101.0
           4.7E+01    47.1    8.5E+02     852.7   300.0   100.0
           5.4E+01    53.9    2.0E+03    1951.9   305.0    98.0
           5.4E+01    53.9    1.6E+03    1637.1   301.0    88.0
           5.9E+01    59.4    1.2E+03    1224.2   302.0    81.0
           4.1E+01    40.9    3.2E+02     317.1   297.0    80.0
           5.1E+01    51.4    1.8E+01      17.6   286.0    80.0
           4.6E+01    45.8    3.4E+02     342.8   283.0    84.0
           4.0E+01    40.2    7.7E+02     773.3   291.0    89.0
           3.9E+01    39.0    9.4E+02     935.5   304.0    83.0
           4.6E+01    46.4    1.1E+03    1132.6   304.0    88.0
           6.1E+01    60.7    6.5E+02     648.0   309.0    94.0
           4.1E+01    41.5    4.6E+02     459.3   281.0    77.0
           3.8E+01    38.4    7.7E+02     766.8   282.0    71.0
           3.2E+01    31.6    1.1E+03    1073.5   307.0    48.0
           3.8E+01    38.4    1.9E+02     186.7   261.0    36.0
           4.6E+01    46.4    1.1E+03    1060.1   261.0    39.0
           6.3E+01    63.2    9.6E+02     958.5   270.0    35.0
           6.1E+01    60.7    1.7E+03    1729.1   274.0    71.0
           2.7E+01    27.2    4.6E+01      46.4   270.0    74.0
           4.7E+01    47.1    1.0E+03     996.5   269.0    63.0
           4.5E+01    44.6    1.1E+03    1078.9   262.0    57.0
           4.0E+01    39.6    1.2E+03    1175.5   271.0    58.0
           5.1E+01    51.4    7.7E+02     774.5   266.0    46.0
           4.2E+01    42.1    8.8E+02     875.7   275.0    60.0
           5.8E+01    58.2    2.2E+03    2161.2   277.0    87.0
           4.8E+01    48.3    9.3E+02     932.1   278.0    83.0
           4.1E+01    40.9    9.7E+02     970.8   276.0    85.0
           6.3E+01    63.2    9.8E+02     977.3   268.0    86.0
           6.4E+01    64.4    1.5E+03    1509.8   272.0    91.0
           5.0E+01    49.5    1.5E+03    1489.1   276.0    96.0
           5.3E+01    52.6    1.7E+03    1678.2   278.0   100.0
           3.8E+01    38.4    5.9E+02     587.0   276.0   101.0
           5.6E+01    55.7    1.9E+03    1896.3   277.0   103.0
           3.8E+01    37.8    8.0E+02     799.4   281.0   100.0
           4.8E+01    47.7    2.1E+03    2118.7   280.0   105.0
           6.2E+01    61.9    1.6E+03    1579.6   276.0   117.0
           5.1E+01    51.4    1.5E+03    1520.6   277.0   112.0
           5.7E+01    57.0    2.2E+03    2177.3   278.0   108.0
           4.1E+01    41.5    1.3E+03    1251.4   278.0   123.0

     Mean   44    44.1      813     812.9   339   333

     Cell Type Fluoroscein  (49)

           4.3E+01    42.7    3.1E+01      31.4   314.0   128.0
           3.2E+01    31.6    2.9E+02     292.2   316.0   123.0
           4.1E+01    41.5    8.7E+02     868.0   316.0   127.0
           3.8E+01    37.8    5.3E+02     526.0   319.0   128.0
           4.2E+01    42.1    5.0E+02     495.4   318.0   130.0
           2.7E+01    27.2    3.4E+02     340.1   317.0   133.0
           4.1E+01    40.9    1.2E+03    1231.1   317.0   136.0
           4.6E+01    45.8    9.7E+02     965.8   325.0   137.0
           4.8E+01    48.3    3.9E+02     391.1   327.0   135.0
           3.5E+01    34.7    6.5E+02     652.9   329.0   133.0
           3.8E+01    37.8    4.3E+02     429.8   321.0   125.0
           3.3E+01    33.4    5.2E+02     523.0   319.0   123.0
           3.7E+01    36.5    8.9E+02     888.7   325.0   120.0
           4.3E+01    42.7    1.0E+03    1035.6   327.0   122.0
           2.7E+01    26.6    8.7E+02     865.7   329.0   127.0
           3.7E+01    36.5    4.3E+02     432.5   315.0   148.0
           3.0E+01    30.3    6.1E+00       6.1   313.0   145.0
           4.0E+01    39.6    7.9E+01      79.4   318.0   153.0
           2.7E+01    26.6    1.2E+02     120.8   315.0   155.0
           5.1E+01    51.4    7.3E+02     734.6   325.0   152.0
           4.0E+01    40.2    7.8E+02     779.1   322.0   148.0
           4.4E+01    44.0    2.7E+02     270.7   316.0   165.0
           3.5E+01    35.3    6.6E+02     655.2   316.0   168.0
           4.1E+01    40.9    1.0E+03    1017.2   320.0   166.0
           3.3E+01    33.4    9.4E+02     939.0   332.0   161.0
           2.8E+01    28.5    7.4E+02     741.9   334.0   143.0
           4.0E+01    39.6    3.6E+02     359.6   314.0   143.0
           4.6E+01    45.8    1.6E+03    1639.4   301.0   162.0
           5.0E+01    49.5    1.0E+03     995.7   310.0   153.0
           3.6E+01    35.9    3.2E+02     315.9   306.0   149.0
           3.5E+01    35.3    1.1E+03    1050.9   305.0   152.0
           4.8E+01    48.3    9.9E+02     985.7   298.0   151.0
           4.3E+01    43.3    1.1E+03    1089.6   302.0   145.0
           4.5E+01    44.6    1.5E+03    1481.1   306.0   142.0
           3.8E+01    38.4    7.6E+02     756.5   309.0   139.0
           3.8E+01    38.4    4.0E+02     396.8   299.0   143.0
           5.3E+01    53.3    7.7E+02     768.7   294.0   144.0
           4.1E+01    40.9    2.9E+02     294.8   299.0   139.0
           5.9E+01    58.8    1.0E+03    1012.9   292.0   157.0
           5.3E+01    53.3    8.2E+02     823.5   295.0   136.0
           4.3E+01    43.3    3.0E+02     299.8   300.0   133.0
           4.6E+01    46.4    1.5E+03    1545.1   306.0   130.0
           4.5E+01    44.6    1.6E+03    1641.3   306.0   128.0
           3.2E+01    31.6    3.4E+02     340.5   309.0   123.0
           4.5E+01    45.2    1.5E+03    1531.3   311.0   130.0
           5.3E+01    53.3    1.0E+03    1000.7   305.0   119.0
           3.5E+01    34.7    1.3E+03    1274.0   311.0   136.0
           3.8E+01    37.8    1.2E+03    1246.8   294.0   132.0
           4.6E+01    45.8    1.7E+03    1650.2   310.0   133.0

     Mean   41    40.5      772     771.7   313   140
