
ULP Computer Microscope

Stucture reference data file ALU.DAT - 

Written at 04/11/2008 on 16:42

2 cell types considered

     Integer units are pixels, Floating point units are micron

     Cell Type Outline  (7)

            Perimeter           Area         C of G

           7.3E+02   726.1    3.2E+04   31603.7   108.0   220.0
           9.5E+02   949.0    3.0E+04   30183.8    17.0   222.0
           1.2E+04   11592.4    6.8E+06   6762870.7   237.0   468.0
           7.1E+03   7114.6    1.1E+06   1089577.7   -175.0   407.0
           6.6E+03   6566.9    3.0E+05   297659.1   -120.0     5.0
           9.7E+03   9694.3    2.9E+06   2917724.9   379.0    33.0
           3.0E+03   3044.6    3.8E+05   384112.9    93.0   -208.0

     Mean 5670   5669.7   1644819   1644819.0    77   164

     Cell Type Rhodamine  (83)

            Perimeter           Area         C of G

           3.8E+01    38.4    1.3E+03    1255.3   211.0   274.0
           2.7E+01    27.2    1.2E+03    1174.4   208.0   280.0
           2.0E+01    19.8    4.8E+02     478.1   206.0   281.0
           2.2E+01    21.7    8.5E+02     851.9   201.0   277.0
           1.9E+01    19.2    5.5E+02     545.6   194.0   280.0
           3.2E+01    31.6    9.1E+02     912.5   192.0   285.0
           1.6E+01    16.1    3.8E+02     382.3   184.0   289.0
           4.2E+01    42.1    2.0E+03    1964.6   198.0   293.0
           2.8E+01    28.5    1.6E+03    1627.2   213.0   294.0
           2.2E+01    22.3    1.1E+03    1075.1   207.0   289.0
           3.2E+01    32.2    5.8E+02     584.3   198.0   270.0
           2.0E+01    20.4    5.8E+02     581.6   209.0   273.0
           2.8E+01    28.5    2.4E+02     235.4   219.0   276.0
           2.2E+01    21.7    4.5E+02     445.9   218.0   281.0
           1.5E+01    14.9    1.7E+02     173.3   219.0   283.0
           2.4E+01    23.5    7.2E+02     724.2   218.0   287.0
           3.4E+01    34.1    7.4E+02     745.0   227.0   294.0
           3.3E+01    33.4    1.3E+03    1342.3   226.0   289.0
           3.2E+01    31.6    8.5E+02     853.1   230.0   286.0
           2.2E+01    22.3    9.6E+02     959.3   231.0   287.0
           3.2E+01    32.2    9.6E+02     958.1   227.0   284.0
           1.7E+01    17.3    6.0E+02     595.8   227.0   277.0
           2.8E+01    27.9    8.1E+02     814.3   224.0   276.0
           2.5E+01    24.8    5.1E+02     510.7   232.0   281.0
           1.8E+01    18.0    8.2E+02     823.2   232.0   283.0
           2.8E+01    28.5    1.1E+03    1109.6   230.0   277.0
           3.3E+01    33.4    9.6E+02     963.9   232.0   275.0
           2.6E+01    26.0    9.0E+02     901.8   233.0   275.0
           3.2E+01    32.2    8.5E+02     854.6   235.0   272.0
           2.8E+01    27.9    9.1E+02     907.9   237.0   273.0
           1.6E+01    16.1    5.8E+02     582.0   239.0   267.0
           2.6E+01    26.0    3.9E+02     392.2   239.0   275.0
           3.0E+01    29.7    9.3E+02     928.2   237.0   278.0
           2.9E+01    29.1    9.2E+02     918.2   240.0   278.0
           2.6E+01    26.0    6.1E+02     605.0   239.0   282.0
           2.4E+01    23.5    4.2E+02     417.1   236.0   283.0
           2.0E+01    19.8    1.2E+02     118.5   236.0   286.0
           2.2E+01    22.3    8.2E+02     822.8   237.0   289.0
           1.9E+01    19.2    4.8E+02     478.5   238.0   290.0
           1.9E+01    19.2    8.7E+02     865.7   230.0   292.0
           2.4E+01    24.1    8.2E+02     822.0   233.0   295.0
           2.5E+01    24.8    9.9E+02     989.9   236.0   293.0
           2.7E+01    27.2    1.3E+03    1347.3   240.0   292.0
           1.9E+01    18.6    1.0E+03    1006.4   242.0   293.0
           3.2E+01    31.6    1.4E+03    1432.4   242.0   289.0
           2.3E+01    22.9    7.9E+02     785.6   245.0   285.0
           2.2E+01    22.3    8.4E+02     839.7   244.0   282.0
           3.2E+01    32.2    9.9E+02     990.3   241.0   278.0
           3.3E+01    33.4    1.4E+03    1422.0   242.0   272.0
           2.0E+01    20.4    7.9E+02     785.6   244.0   278.0
           2.0E+01    20.4    1.4E+03    1402.1   245.0   292.0
           2.4E+01    24.1    8.8E+02     875.3   235.0   298.0
           1.7E+01    17.3    4.6E+02     457.8   225.0   294.0
           1.7E+01    17.3    6.2E+02     623.4   226.0   291.0
           3.8E+01    38.4    6.6E+02     659.1   223.0   269.0
           2.1E+01    21.1    7.0E+02     697.0   233.0   273.0
           3.6E+01    35.9    1.1E+03    1081.2   259.0   286.0
           5.0E+01    50.2    1.7E+03    1685.4   263.0   284.0
           2.8E+01    27.9    8.8E+02     879.5   264.0   287.0
           2.8E+01    27.9    5.8E+02     576.6   257.0   273.0
           2.4E+01    24.1    4.0E+02     403.3   260.0   272.0
           2.5E+01    24.8    1.1E+02     109.7   263.0   271.0
           2.6E+01    26.0    5.6E+02     557.1   273.0   274.0
           3.0E+01    29.7    1.4E+03    1367.6   273.0   281.0
           3.3E+01    32.8    6.9E+02     687.1   255.0   291.0
           2.6E+01    26.0    6.4E+02     641.4   251.0   287.0
           3.7E+01    36.5    3.9E+02     388.4   247.0   286.0
           3.0E+01    29.7    8.3E+02     828.9   246.0   283.0
           3.0E+01    29.7    7.1E+02     708.9   249.0   278.0
           2.8E+01    27.9    5.2E+02     521.4   251.0   280.0
           2.2E+01    22.3    3.5E+02     350.0   254.0   281.0
           3.1E+01    31.0    9.9E+02     989.9   257.0   283.0
           3.4E+01    34.1    1.1E+03    1079.7   247.0   292.0
           3.7E+01    37.2    1.6E+03    1594.2   252.0   293.0
           2.6E+01    26.0    2.5E+01      24.9   265.0   270.0
           3.3E+01    32.8    3.4E+02     335.1   254.0   300.0
           2.5E+01    24.8    2.7E+02     267.2   247.0   300.0
           3.6E+01    35.9    5.6E+02     562.8   227.0   300.0
           2.9E+01    29.1    7.9E+02     794.8   238.0   315.0
           3.8E+01    37.8    1.7E+03    1683.9   207.0   262.0
           4.4E+01    44.0    1.8E+03    1818.5   195.0   265.0
           4.0E+01    40.2    5.6E+02     559.0   221.0   256.0
           3.0E+01    29.7    1.2E+03    1241.1   244.0   252.0

     Mean   27    27.5      824     823.5   234   282

     Cell Type Fluoroscein  (152)

            Perimeter           Area         C of G

           4.5E+01    44.6    1.8E+03    1791.3   274.0   293.0
           3.3E+01    33.4    9.7E+02     965.8   271.0   291.0
           4.1E+01    41.5    1.9E+03    1895.2   269.0   293.0
           4.4E+01    44.0    1.9E+03    1946.5   273.0   297.0
           3.6E+01    35.9    1.9E+03    1866.4   276.0   295.0
           3.3E+01    33.4    1.6E+03    1563.9   274.0   283.0
           3.8E+01    37.8    1.1E+03    1146.4   257.0   296.0
           2.4E+01    24.1    1.0E+03    1046.3   276.0   275.0
           2.0E+01    20.4    1.3E+02     135.0   278.0   288.0
           2.7E+01    27.2    1.3E+02     125.8   278.0   285.0
           1.3E+01    13.0    1.7E+02     172.9   281.0   283.0
           2.8E+01    28.5    7.0E+02     696.6   282.0   288.0
           2.6E+01    26.0    7.4E+02     736.1   282.0   289.0
           3.0E+01    29.7    2.9E+02     285.6   285.0   289.0
           3.0E+01    30.3    8.7E+02     871.1   284.0   291.0
           3.2E+01    32.2    4.4E+02     437.5   285.0   291.0
           2.2E+01    22.3    6.8E+02     682.8   288.0   295.0
           3.3E+01    32.8    2.0E+02     197.1   289.0   297.0
           1.9E+01    19.2    1.4E+02     142.2   280.0   293.0
           2.8E+01    28.5    7.2E+02     718.9   279.0   295.0
           2.5E+01    24.8    5.1E+02     508.4   282.0   280.0
           3.2E+01    32.2    7.0E+02     698.9   282.0   278.0
           2.8E+01    28.5    8.6E+02     860.4   287.0   277.0
           3.4E+01    34.1    9.2E+02     920.5   288.0   281.0
           2.4E+01    23.5    3.0E+02     296.4   291.0   283.0
           2.6E+01    26.0    5.3E+02     525.3   289.0   286.0
           2.7E+01    26.6    6.0E+02     598.5   294.0   281.0
           2.3E+01    22.9    6.0E+02     596.2   299.0   285.0
           1.7E+01    17.3    1.7E+02     169.5   299.0   288.0
           3.1E+01    31.0    7.4E+02     737.7   299.0   289.0
           1.8E+01    18.0    2.4E+02     241.5   301.0   294.0
           3.0E+01    30.3    1.4E+03    1448.5   301.0   296.0
           2.7E+01    26.6    1.0E+03    1043.6   303.0   293.0
           2.1E+01    21.1    8.5E+02     853.1   305.0   295.0
           2.8E+01    27.9    1.3E+03    1280.6   298.0   297.0
           3.3E+01    32.8    7.3E+02     731.5   295.0   293.0
           2.6E+01    26.0    8.7E+02     871.9   293.0   290.0
           2.4E+01    24.1    6.3E+02     631.8   290.0   288.0
           2.4E+01    24.1    5.8E+02     580.5   291.0   293.0
           2.9E+01    29.1    6.1E+02     613.1   295.0   288.0
           3.2E+01    31.6    1.3E+03    1271.4   297.0   291.0
           1.9E+01    18.6    1.2E+02     115.0   279.0   272.0
           2.5E+01    25.4    4.3E+02     427.9   309.0   290.0
           2.1E+01    21.1    2.0E+02     202.4   304.0   287.0
           1.7E+01    17.3    5.9E+02     585.8   311.0   294.0
           3.6E+01    35.9    1.5E+03    1516.7   311.0   296.0
           2.6E+01    26.0    5.2E+02     515.7   315.0   297.0
           2.7E+01    27.2    9.2E+02     923.6   315.0   285.0
           2.0E+01    19.8    1.5E+02     149.1   318.0   283.0
           2.3E+01    22.9    7.5E+02     750.7   319.0   286.0
           3.3E+01    32.8    1.1E+03    1115.3   329.0   295.0
           3.0E+01    30.3    3.2E+02     323.6   319.0   296.0
           3.0E+01    30.3    6.3E+02     628.8   311.0   276.0
           3.8E+01    37.8    4.9E+02     492.3   312.0   271.0
           3.1E+01    31.0    1.1E+03    1064.3   334.0   304.0
           4.0E+01    40.2    1.3E+03    1315.1   328.0   304.0
           2.2E+01    21.7    2.9E+02     294.8   315.0   304.0
           2.4E+01    24.1    3.2E+02     321.3   311.0   308.0
           3.2E+01    32.2    5.9E+02     589.3   309.0   310.0
           2.7E+01    26.6    4.0E+02     399.9   318.0   308.0
           3.9E+01    39.0    1.2E+03    1199.7   315.0   320.0
           3.8E+01    38.4    7.7E+02     768.7   320.0   322.0
           2.8E+01    27.9    1.2E+03    1210.4   318.0   321.0
           3.3E+01    33.4    1.4E+03    1405.6   324.0   328.0
           3.4E+01    34.1    1.7E+03    1650.2   326.0   324.0
           2.4E+01    24.1    6.2E+02     616.1   329.0   320.0
           3.5E+01    34.7    1.2E+03    1195.8   324.0   313.0
           2.3E+01    22.9    6.4E+02     642.2   320.0   311.0
           2.3E+01    22.9    2.6E+02     263.8   318.0   316.0
           2.6E+01    26.0    7.5E+02     747.3   313.0   315.0
           1.9E+01    19.2    2.9E+02     292.9   311.0   312.0
           2.7E+01    27.2    8.8E+02     884.5   325.0   308.0
           1.7E+01    16.7    4.6E+02     461.6   325.0   301.0
           3.2E+01    31.6    1.3E+03    1314.7   335.0   328.0
           2.9E+01    29.1    1.1E+02     111.2   308.0   322.0
           5.3E+01    53.3    2.1E+03    2134.0   313.0   328.0
           3.3E+01    33.4    9.1E+02     907.5   298.0   313.0
           2.2E+01    22.3    3.9E+02     392.6   303.0   308.0
           3.8E+01    37.8    1.9E+03    1936.9   305.0   319.0
           2.9E+01    29.1    1.4E+03    1355.3   301.0   326.0
           3.4E+01    34.1    1.2E+03    1229.6   296.0   311.0
           3.8E+01    37.8    1.2E+03    1160.9   297.0   307.0
           1.5E+01    15.5    5.6E+02     558.2   295.0   307.0
           2.8E+01    28.5    9.9E+02     988.8   294.0   307.0
           2.9E+01    29.1    5.2E+02     523.7   290.0   306.0
           3.0E+01    30.3    8.3E+02     830.1   302.0   305.0
           2.7E+01    27.2    1.2E+03    1227.3   303.0   305.0
           2.0E+01    20.4    6.6E+02     658.7   298.0   301.0
           4.0E+01    39.6    1.3E+03    1252.2   297.0   303.0
           3.0E+01    30.3    1.0E+03    1005.7   303.0   299.0
           2.6E+01    26.0    2.4E+02     235.4   295.0   299.0
           2.4E+01    24.1    6.0E+02     595.4   297.0   301.0
           2.7E+01    26.6    6.3E+02     629.9   292.0   301.0
           2.8E+01    27.9    5.7E+02     571.7   288.0   301.0
           2.3E+01    22.9    4.2E+02     416.0   286.0   301.0
           2.8E+01    27.9    5.8E+02     580.1   284.0   300.0
           2.2E+01    21.7    1.4E+02     137.3   285.0   296.0
           2.4E+01    23.5    4.5E+02     447.4   288.0   305.0
           2.1E+01    21.1    3.5E+02     353.5   281.0   303.0
           1.8E+01    18.0    2.0E+01      19.6   279.0   305.0
           3.4E+01    34.1    7.5E+02     746.5   278.0   307.0
           2.7E+01    27.2    6.0E+02     596.6   289.0   311.0
           3.4E+01    34.1    7.1E+02     708.9   291.0   311.0
           2.0E+01    20.4    2.5E+02     254.2   293.0   312.0
           3.2E+01    31.6    8.9E+02     891.8   286.0   315.0
           2.1E+01    21.1    1.5E+02     149.5   288.0   316.0
           2.3E+01    22.9    6.2E+02     617.3   277.0   315.0
           2.8E+01    27.9    9.7E+02     975.0   290.0   324.0
           2.4E+01    23.5    5.3E+02     525.6   298.0   327.0
           2.5E+01    25.4    7.7E+02     767.6   301.0   310.0
           3.8E+01    38.4    6.6E+02     657.2   279.0   301.0
           2.1E+01    21.1    4.5E+02     445.1   270.0   300.0
           2.4E+01    23.5    7.9E+02     786.7   267.0   302.0
           4.5E+01    45.2    1.7E+03    1650.9   303.0   337.0
           3.5E+01    34.7    8.9E+02     894.1   304.0   331.0
           5.4E+01    54.5    1.0E+03    1031.0   297.0   331.0
           2.0E+01    20.4    2.1E+01      21.5   289.0   333.0
           3.0E+01    30.3    6.5E+02     654.1   290.0   336.0
           3.5E+01    34.7    7.2E+02     715.8   307.0   347.0
           2.0E+01    20.4    3.9E+02     394.9   331.0   331.0
           3.3E+01    33.4    8.7E+02     871.1   332.0   336.0
           3.2E+01    32.2    9.4E+02     939.7   328.0   338.0
           2.6E+01    26.0    4.7E+01      46.8   331.0   340.0
           2.2E+01    21.7    3.7E+01      37.2   329.0   345.0
           2.2E+01    22.3    3.9E+02     389.9   329.0   352.0
           3.0E+01    29.7    7.0E+02     701.6   324.0   354.0
           4.1E+01    41.5    1.1E+03    1141.8   321.0   348.0
           3.2E+01    31.6    8.5E+02     845.4   319.0   355.0
           2.5E+01    25.4    5.5E+02     549.0   313.0   347.0
           2.7E+01    27.2    2.1E+02     205.9   337.0   352.0
           3.7E+01    36.5    7.2E+02     715.0   321.0   337.0
           3.1E+01    31.0    6.4E+02     643.7   314.0   334.0
           3.0E+01    30.3    3.5E+02     350.0   315.0   334.0
           3.7E+01    37.2    5.8E+02     579.3   309.0   341.0
           2.8E+01    28.5    5.2E+02     516.4   310.0   330.0
           4.0E+01    39.6    7.9E+02     790.6   341.0   340.0
           2.0E+01    20.4    2.8E+02     278.4   343.0   340.0
           2.4E+01    23.5    1.2E+03    1157.9   354.0   349.0
           3.2E+01    32.2    1.4E+03    1426.6   358.0   357.0
           3.3E+01    33.4    3.8E+02     378.4   364.0   345.0
           4.0E+01    40.2    1.1E+03    1112.6   364.0   350.0
           3.6E+01    35.9    8.2E+02     821.2   353.0   337.0
           2.5E+01    24.8    8.4E+00       8.4   339.0   347.0
           3.8E+01    37.8    6.3E+02     632.2   342.0   303.0
           4.1E+01    40.9    1.0E+03    1017.2   342.0   328.0
           2.8E+01    28.5    8.8E+02     884.9   345.0   320.0
           3.3E+01    32.8    8.8E+02     875.7   354.0   378.0
           1.9E+01    18.6    6.5E+02     651.8   354.0   368.0
           5.2E+01    52.0    1.7E+03    1724.5   312.0   381.0
           2.8E+01    28.5    1.2E+03    1156.0   338.0   365.0
           3.1E+01    31.0    9.4E+02     937.8   324.0   368.0
           3.5E+01    35.3    7.0E+02     696.6   302.0   262.0

     Mean   29    29.1      751     750.8   305   311
