Stucture reference data file IDT.DAT - 
Written at 09/03/2011 on 13:35

 Cell types 2

     Cell Type Outline  (6)

           7.1E+03   7120.6    5.4E+06   5401589.5   664.0   529.0
           4.0E+03   4021.3    7.4E+05   743926.4   647.0   253.0
           8.1E+03   8063.8    2.9E+05   290478.3   483.0    70.0
           8.4E+03   8390.1    2.4E+06   2394950.0   308.0   507.0
           3.9E+02   390.1    2.3E+04   23489.8   486.0   358.0
           3.9E+03   3936.2    1.6E+06   1571500.4   204.0   180.0

     Mean 5320   5320.3   1737656   1737655.7   465   316

     Cell Type Rhodamine  (261)

           3.0E+01    30.3    7.3E+01      72.8   648.0   125.0
           3.6E+01    35.9    9.1E+02     914.4   625.0   125.0
           2.6E+01    26.0    3.1E+02     306.3   581.0   118.0
           1.9E+01    19.2    2.2E+02     224.3   588.0   104.0
           2.1E+01    21.1    8.4E+01      83.6   580.0   106.0
           1.9E+01    18.6    2.2E+02     216.2   553.0   106.0
           1.4E+01    13.6    1.3E+01      13.4   554.0   105.0
           2.2E+01    22.3    3.6E+02     356.2   555.0   104.0
           1.2E+01    11.8    1.2E+02     122.3   556.0   116.0
           2.1E+01    21.1    9.4E+02     941.6   565.0   122.0
           1.9E+01    19.2    2.0E+02     204.7   566.0   115.0
           2.4E+01    23.5    2.1E+02     212.0   552.0   117.0
           2.9E+01    29.1    8.4E+01      83.6   542.0   124.0
           1.5E+01    15.5    4.8E+02     480.0   539.0   125.0
           2.3E+01    22.9    4.2E+02     417.1   539.0   129.0
           2.1E+01    21.1    8.2E+02     823.2   541.0   120.0
           1.9E+01    19.2    3.6E+02     357.7   538.0   118.0
           1.6E+01    16.1    5.3E+02     529.9   539.0   116.0
           1.8E+01    18.0    2.1E+02     212.0   544.0   118.0
           1.1E+01    10.5    3.1E+02     312.9   545.0   120.0
           1.7E+01    17.3    5.6E+02     561.3   547.0   119.0
           1.5E+01    14.9    3.4E+02     335.1   548.0   121.0
           2.0E+01    20.4    8.2E+02     819.3   549.0   121.0
           1.2E+01    11.8    2.5E+02     246.5   546.0   124.0
           1.9E+01    19.2    2.5E+02     250.0   550.0   126.0
           1.7E+01    16.7    1.9E+02     192.5   551.0   116.0
           1.6E+01    16.1    1.8E+02     182.5   549.0   117.0
           1.5E+01    15.5    6.0E+02     599.3   546.0   117.0
           1.9E+01    19.2    5.2E+02     521.0   539.0   115.0
           1.9E+01    18.6    4.7E+02     467.0   544.0   113.0
           2.2E+01    21.7    3.1E+02     313.2   546.0   114.0
           1.4E+01    14.2    4.1E+02     407.6   545.0   113.0
           2.8E+01    27.9    5.2E+02     515.7   549.0   112.0
           2.2E+01    21.7    1.2E+02     116.6   547.0   111.0
           2.2E+01    22.3    1.6E+02     164.1   551.0   109.0
           2.0E+01    20.4    6.0E+02     598.9   551.0   111.0
           2.0E+01    20.4    1.1E+02     107.0   544.0   110.0
           1.3E+01    13.0    1.7E+02     172.9   544.0   109.0
           2.2E+01    22.3    3.6E+01      35.7   546.0   109.0
           2.7E+01    26.6    4.9E+02     492.3   546.0   107.0
           2.1E+01    21.1    5.4E+02     535.2   545.0   106.0
           2.4E+01    23.5    2.0E+02     195.5   547.0   103.0
           3.0E+01    30.3    5.8E+02     580.9   545.0   103.0
           1.8E+01    18.0    6.6E+02     657.2   539.0   106.0
           2.5E+01    24.8    3.2E+02     319.8   535.0   114.0
           2.5E+01    25.4    3.0E+02     302.1   535.0   112.0
           1.9E+01    19.2    1.6E+02     158.7   534.0   110.0
           1.9E+01    18.6    9.9E+01      98.5   536.0   109.0
           2.4E+01    24.1    4.1E+01      41.0   532.0   108.0
           1.7E+01    16.7    2.0E+01      19.6   533.0   106.0
           1.5E+01    14.9    2.9E+01      28.8   529.0   104.0
           2.2E+01    22.3    7.9E+01      78.6   528.0   104.0
           1.5E+01    15.5    5.0E+01      50.2   525.0   107.0
           1.4E+01    13.6    2.5E+02     251.5   524.0   108.0
           1.5E+01    15.5    2.1E+02     208.2   524.0   111.0
           1.6E+01    16.1    4.8E+02     482.7   529.0   112.0
           1.1E+01    11.1    3.3E+02     329.7   533.0   114.0
           2.7E+01    26.6    1.4E+02     142.6   534.0   115.0
           1.7E+01    16.7    4.8E+02     477.3   536.0   117.0
           1.9E+01    19.2    5.4E+02     542.1   536.0   119.0
           1.7E+01    17.3    1.3E+02     133.4   537.0   120.0
           2.0E+01    20.4    5.8E+02     584.7   536.0   122.0
           2.1E+01    21.1    7.5E+02     754.5   537.0   123.0
           2.0E+01    20.4    3.4E+02     338.2   535.0   124.0
           2.8E+01    28.5    3.3E+02     331.3   537.0   129.0
           2.7E+01    26.6    6.3E+02     632.6   536.0   127.0
           9.3E+00     9.3    5.1E+02     508.4   533.0   129.0
           2.5E+01    25.4    1.0E+03    1041.3   532.0   124.0
           2.2E+01    21.7    2.0E+02     201.3   533.0   122.0
           2.2E+01    21.7    3.2E+02     324.0   530.0   124.0
           2.2E+01    21.7    2.2E+02     221.6   528.0   121.0
           1.5E+01    15.5    1.8E+02     180.6   527.0   123.0
           3.0E+01    29.7    9.1E+02     912.9   526.0   122.0
           1.4E+01    13.6    4.1E+02     407.2   525.0   120.0
           2.5E+01    24.8    1.5E+02     153.4   524.0   116.0
           2.2E+01    21.7    4.2E+02     423.3   527.0   117.0
           2.1E+01    21.1    1.6E+02     158.7   529.0   116.0
           1.3E+01    13.0    8.8E+01      88.2   531.0   117.0
           1.5E+01    14.9    1.9E+02     190.2   533.0   117.0
           2.6E+01    26.0    3.4E+02     336.2   526.0   128.0
           1.7E+01    17.3    8.7E+01      87.0   530.0   126.0
           3.2E+01    31.6    3.1E+02     314.0   533.0   102.0
           2.0E+01    20.4    1.2E+02     116.6   514.0   120.0
           1.7E+01    16.7    1.1E+02     113.5   515.0   121.0
           2.6E+01    26.0    2.0E+02     202.8   519.0   125.0
           2.2E+01    22.3    5.6E+01      56.0   521.0   121.0
           2.5E+01    25.4    1.1E+03    1117.2   522.0   118.0
           2.7E+01    27.2    1.0E+03    1032.5   520.0   116.0
           2.2E+01    21.7    2.7E+02     266.5   522.0   109.0
           1.8E+01    18.0    4.7E+02     467.0   523.0   111.0
           1.5E+01    14.9    6.9E+01      69.4   523.0   106.0
           1.9E+01    18.6    1.2E+02     115.0   503.0   110.0
           1.9E+01    18.6    2.1E+02     212.4   501.0   111.0
           1.4E+01    14.2    2.8E+01      27.6   500.0   118.0
           2.0E+01    19.8    2.7E+00       2.7   496.0   118.0
           2.8E+01    27.9    6.5E+02     654.5   509.0   115.0
           2.7E+01    27.2    8.9E+01      89.3   511.0   114.0
           1.1E+01    10.5    3.1E+02     306.3   509.0   105.0
           2.4E+01    24.1    3.2E+02     323.2   497.0   129.0
           2.8E+01    27.9    1.7E+02     172.9   496.0   118.0
           2.7E+01    27.2    6.4E+01      64.4   508.0   105.0
           2.8E+01    27.9    4.2E+02     417.1   513.0   114.0
           2.2E+01    21.7    4.7E+02     467.4   507.0   119.0
           2.0E+01    20.4    3.7E+02     371.1   518.0   124.0
           2.8E+01    27.9    4.8E+02     478.5   523.0   118.0
           2.9E+01    29.1    7.1E+01      70.5   513.0   114.0
           1.8E+01    18.0    1.4E+02     136.5   487.0   115.0
           3.0E+01    30.3    7.7E+02     767.2   485.0   121.0
           3.6E+01    35.9    7.6E+02     763.7   495.0    85.0
           2.5E+01    24.8    4.0E+02     399.9   521.0    98.0
           1.9E+01    19.2    6.7E+02     665.2   519.0   101.0
           3.5E+01    35.3    1.2E+03    1249.5   523.0   101.0
           2.1E+01    21.1    1.0E+03    1037.5   524.0    95.0
           2.8E+01    27.9    1.1E+03    1068.2   519.0    96.0
           1.9E+01    19.2    3.7E+02     371.1   520.0    94.0
           2.0E+01    20.4    8.3E+02     825.1   520.0    90.0
           1.4E+01    13.6    5.5E+02     552.5   518.0    88.0
           2.8E+01    28.5    3.7E+02     367.7   515.0    81.0
           2.1E+01    21.1    2.6E+02     258.8   521.0    80.0
           1.6E+01    16.1    1.6E+01      15.7   521.0    77.0
           1.3E+01    13.0    1.9E+02     190.6   523.0    76.0
           2.2E+01    21.7    2.1E+02     212.8   507.0    95.0
           2.0E+01    19.8    1.5E+02     145.7   508.0    97.0
           4.1E+01    40.9    1.3E+03    1295.5   509.0   100.0
           2.0E+01    19.8    2.5E+02     253.0   521.0   102.0
           3.6E+01    35.9    8.8E+02     884.1   500.0    90.0
           2.2E+01    22.3    4.9E+02     492.7   528.0    83.0
           2.8E+01    27.9    4.1E+02     412.5   527.0    78.0
           2.3E+01    22.9    2.7E+02     273.7   532.0    82.0
           2.6E+01    26.0    3.0E+02     296.4   533.0    84.0
           2.0E+01    20.4    1.6E+02     163.3   535.0    81.0
           2.0E+01    20.4    5.2E+02     521.8   535.0    78.0
           1.4E+01    14.2    3.8E+02     384.6   537.0    82.0
           1.5E+01    14.9    2.7E+02     274.1   538.0    85.0
           2.9E+01    29.1    2.2E+02     221.2   536.0    85.0
           2.0E+01    19.8    5.4E+00       5.4   540.0    85.0
           1.4E+01    14.2    2.3E+02     226.2   541.0    86.0
           1.9E+01    18.6    5.7E+02     565.5   542.0    79.0
           2.0E+01    20.4    6.2E+02     624.2   549.0    80.0
           1.5E+01    14.9    2.1E+02     205.9   550.0    76.0
           1.2E+01    12.4    2.8E+02     275.7   549.0    86.0
           1.5E+01    15.5    1.2E+02     118.9   547.0    86.0
           2.2E+01    22.3    8.5E+01      85.1   546.0    90.0
           2.2E+01    22.3    5.6E+01      55.6   541.0    89.0
           1.2E+01    12.4    4.0E+02     401.0   542.0    90.0
           1.8E+01    18.0    3.6E+02     360.0   540.0    90.0
           2.4E+01    23.5    6.4E+02     641.0   538.0    91.0
           2.7E+01    26.6    9.7E+01      96.6   536.0    92.0
           2.7E+01    27.2    5.1E+02     507.2   534.0    92.0
           1.7E+01    17.3    1.9E+02     194.4   532.0    89.0
           1.9E+01    19.2    1.0E+02     102.4   531.0    88.0
           2.2E+01    21.7    6.4E+02     635.3   530.0    89.0
           2.1E+01    21.1    1.4E+02     142.6   528.0    90.0
           2.9E+01    29.1    4.2E+02     424.8   530.0    93.0
           2.4E+01    24.1    5.0E+02     501.9   533.0    94.0
           2.0E+01    20.4    6.9E+01      69.4   532.0    95.0
           1.9E+01    18.6    4.2E+02     415.6   533.0    97.0
           2.3E+01    22.9    9.4E+02     935.1   536.0    98.0
           3.0E+01    30.3    7.7E+02     766.4   531.0    98.0
           2.2E+01    22.3    2.2E+02     215.9   527.0    96.0
           1.5E+01    15.5    5.9E+02     585.8   525.0    95.0
           5.8E+01    58.2    4.4E+02     442.4   533.0   101.0
           2.7E+01    27.2    1.4E+02     140.7   538.0   101.0
           2.3E+01    22.9    4.9E+02     486.2   541.0   101.0
           1.7E+01    17.3    4.6E+02     458.5   542.0   100.0
           2.0E+01    19.8    8.2E+02     816.6   543.0    97.0
           1.6E+01    16.1    4.7E+02     470.4   541.0    94.0
           2.4E+01    23.5    4.1E+02     407.2   549.0    96.0
           1.7E+01    17.3    1.3E+02     135.0   549.0    99.0
           2.0E+01    19.8    4.5E+02     445.5   549.0   101.0
           3.7E+01    36.5    1.2E+03    1175.9   545.0   101.0
           1.8E+01    18.0    4.5E+02     447.4   547.0    97.0
           2.8E+01    27.9    2.2E+02     219.7   525.0    98.0
           1.5E+01    15.5    4.7E+02     467.0   527.0   100.0
           2.7E+01    27.2    8.7E+02     871.9   557.0    99.0
           1.9E+01    19.2    6.2E+02     622.3   562.0    99.0
           2.1E+01    21.1    1.5E+02     148.0   558.0    95.0
           2.8E+01    27.9    4.1E+02     412.9   556.0    86.0
           1.2E+01    11.8    2.2E+02     215.9   555.0    83.0
           1.7E+01    17.3    2.1E+01      21.5   553.0    79.0
           3.0E+01    29.7    6.0E+02     603.1   563.0    80.0
           1.8E+01    18.0    1.0E+02     100.8   553.0    87.0
           4.0E+01    40.2    1.3E+03    1289.8   569.0    97.0
           1.8E+01    18.0    3.1E+02     306.3   567.0    86.0
           1.6E+01    16.1    1.5E+02     146.5   571.0    91.0
           1.5E+01    15.5    2.5E+02     255.0   586.0    99.0
           4.8E+01    47.7    6.5E+02     647.6   589.0    81.0
           1.7E+01    17.3    4.0E+02     404.1   598.0    69.0
           1.1E+01    11.1    1.1E+02     108.5   597.0    63.0
           1.7E+01    17.3    1.1E+02     112.7   605.0    69.0
           3.7E+01    36.5    2.2E+02     217.0   553.0    57.0
           2.8E+01    27.9    7.2E+01      72.5   555.0    68.0
           1.9E+01    18.6    7.1E+02     705.8   554.0    72.0
           2.2E+01    21.7    2.7E+02     269.1   542.0    70.0
           2.0E+01    20.4    5.5E+01      54.8   539.0    72.0
           1.7E+01    16.7    6.5E+00       6.5   537.0    69.0
           1.9E+01    18.6    4.4E+01      44.1   535.0    68.0
           3.0E+01    29.7    3.1E+02     312.5   539.0    67.0
           2.8E+01    28.5    5.7E+02     569.0   540.0    64.0
           2.7E+01    26.6    6.4E+02     640.7   542.0    62.0
           1.9E+01    19.2    3.5E+02     346.6   544.0    62.0
           2.2E+01    21.7    1.1E+02     112.7   548.0    62.0
           1.8E+01    18.0    8.4E+01      83.6   548.0    64.0
           3.3E+01    33.4    4.8E+02     482.3   546.0    59.0
           1.1E+01    11.1    5.0E+02     503.0   541.0    56.0
           2.2E+01    21.7    9.3E+01      93.2   541.0    52.0
           1.4E+01    14.2    2.9E+02     294.1   543.0    49.0
           3.5E+01    34.7    4.7E+02     465.8   531.0    51.0
           1.7E+01    16.7    5.6E+01      56.4   528.0    54.0
           2.0E+01    20.4    2.7E+02     274.1   527.0    58.0
           2.2E+01    22.3    3.0E+02     296.0   531.0    59.0
           3.2E+01    32.2    6.0E+01      59.8   532.0    61.0
           1.3E+01    13.0    8.1E+00       8.1   524.0    65.0
           2.7E+01    27.2    1.1E+01      11.1   527.0    66.0
           3.6E+01    35.9    4.4E+02     444.0   530.0    69.0
           2.4E+01    23.5    5.0E+02     500.3   530.0    71.0
           1.5E+01    15.5    4.6E+02     464.3   526.0    68.0
           2.3E+01    22.9    4.9E+02     490.4   524.0    72.0
           2.4E+01    24.1    5.3E+02     525.6   502.0    69.0
           3.1E+01    31.0    7.9E+01      78.6   509.0    68.0
           2.5E+01    24.8    7.4E+02     738.4   515.0    67.0
           2.5E+01    24.8    6.6E+02     663.3   512.0    60.0
           1.9E+01    19.2    9.1E+02     911.7   519.0    57.0
           2.0E+01    20.4    2.3E+02     231.6   518.0    54.0
           1.1E+01    10.5    3.8E+00       3.8   517.0    51.0
           2.7E+01    26.6    7.2E+02     717.0   515.0    49.0
           2.0E+01    19.8    1.9E+02     188.3   521.0    59.0
           2.5E+01    24.8    5.7E+02     566.7   522.0    58.0
           3.3E+01    33.4    1.6E+02     158.7   490.0    72.0
           4.1E+01    40.9    3.7E+02     368.1   472.0    40.0
           3.0E+01    29.7    4.8E+02     481.6   510.0    44.0
           3.0E+01    30.3    4.9E+02     493.4   516.0    43.0
           1.6E+01    16.1    2.2E+02     215.5   514.0    43.0
           2.2E+01    22.3    9.8E+02     977.7   510.0    38.0
           2.7E+01    26.6    9.6E+02     958.9   513.0    34.0
           1.9E+01    19.2    1.1E+02     108.5   522.0    33.0
           3.8E+01    38.4    1.3E+03    1306.3   522.0    38.0
           2.5E+01    24.8    6.0E+02     596.6   521.0    40.0
           2.6E+01    26.0    4.5E+02     448.2   527.0    30.0
           1.7E+01    17.3    2.6E+01      25.7   530.0    20.0
           2.2E+01    21.7    5.0E+02     496.5   545.0    29.0
           2.5E+01    25.4    5.2E+02     518.4   531.0    33.0
           2.6E+01    26.0    1.6E+02     164.1   531.0    44.0
           2.8E+01    27.9    7.0E+02     703.5   567.0    43.0
           1.9E+01    19.2    6.3E+02     628.0   579.0    45.0
           2.3E+01    22.9    4.5E+02     447.8   609.0    41.0
           2.7E+01    27.2    7.1E+02     713.9   624.0    41.0
           3.2E+01    31.6    5.8E+02     583.2   610.0   151.0
           1.7E+01    16.7    6.3E+01      63.3   525.0   130.0
           1.7E+01    17.3    2.3E+01      22.6   528.0   133.0
           1.8E+01    18.0    7.0E+01      69.8   531.0   132.0
           3.0E+01    30.3    6.1E+02     605.8   544.0   141.0
           3.7E+01    37.2    5.8E+02     582.0   546.0   143.0
           9.9E+00     9.9    1.2E+01      11.9   537.0   136.0
           2.8E+01    28.5    2.5E+02     251.9   534.0   135.0
           2.2E+01    21.7    3.2E+01      32.2   552.0   130.0
           2.1E+01    21.1    7.6E+02     755.7   518.0   137.0
           1.5E+01    14.9    1.8E+02     176.7   522.0   134.0
           1.2E+01    11.8    7.5E+01      74.8   519.0   154.0
           1.9E+01    18.6    4.7E+02     472.4   511.0   152.0
           2.7E+01    27.2    9.2E+00       9.2   527.0   167.0

     Mean   22    22.0      372     372.0   536    96

     Cell Type Fluoroscein  (593)

           2.5E+01    25.4    6.0E+02     603.9   642.0   115.0
           3.6E+01    35.9    5.5E+02     545.2   646.0   105.0
           2.2E+01    22.3    5.1E+01      51.4   625.0   123.0
           1.4E+01    14.2    2.0E+02     202.4   632.0   106.0
           3.0E+01    30.3    1.8E+02     184.0   608.0   108.0
           2.5E+01    24.8    7.5E+02     754.9   608.0   125.0
           2.0E+01    19.8    2.4E+02     243.5   603.0   124.0
           2.5E+01    24.8    9.5E+02     945.9   597.0   119.0
           2.5E+01    25.4    3.8E+01      37.6   594.0   118.0
           1.7E+01    16.7    4.4E+02     444.4   601.0   113.0
           2.1E+01    21.1    6.1E+02     613.8   597.0   109.0
           1.3E+01    13.0    4.8E+01      47.9   596.0   108.0
           2.1E+01    21.1    2.7E+02     274.1   598.0   108.0
           1.5E+01    14.9    8.5E+02     855.0   600.0   124.0
           1.7E+01    16.7    2.5E+02     252.3   592.0   128.0
           2.9E+01    29.1    7.3E+02     731.1   590.0   127.0
           2.2E+01    22.3    6.0E+02     598.9   588.0   126.0
           2.1E+01    21.1    3.2E+02     316.3   586.0   124.0
           1.5E+01    15.5    3.3E+02     325.9   586.0   123.0
           2.1E+01    21.1    1.0E+03     997.2   589.0   123.0
           2.1E+01    21.1    2.9E+02     292.2   585.0   120.0
           3.2E+01    32.2    8.1E+00       8.1   581.0   119.0
           2.5E+01    24.8    1.4E+02     144.9   584.0   124.0
           2.3E+01    22.9    3.1E+02     312.9   582.0   125.0
           2.3E+01    22.9    7.2E+02     723.9   581.0   127.0
           2.3E+01    22.9    6.3E+02     625.7   583.0   128.0
           3.4E+01    34.1    6.1E+02     613.8   584.0   127.0
           2.0E+01    19.8    9.3E+01      92.8   588.0   129.0
           2.1E+01    21.1    6.8E+02     678.6   583.0   114.0
           9.9E+00     9.9    2.1E+01      21.5   584.0   105.0
           1.5E+01    15.5    2.0E+01      19.9   586.0   103.0
           1.7E+01    16.7    1.7E+02     166.0   590.0   104.0
           2.0E+01    19.8    3.8E+02     377.3   591.0   108.0
           2.8E+01    28.5    1.2E+02     115.8   569.0   128.0
           2.3E+01    22.9    4.6E+02     456.6   567.0   126.0
           2.1E+01    21.1    3.6E+02     363.8   567.0   124.0
           2.8E+01    27.9    3.1E+02     311.7   566.0   122.0
           2.7E+01    27.2    5.8E+02     579.7   568.0   118.0
           2.9E+01    29.1    2.4E+02     244.6   569.0   119.0
           1.8E+01    18.0    3.2E+01      31.8   571.0   120.0
           1.9E+01    19.2    7.4E+02     744.6   570.0   122.0
           1.4E+01    14.2    2.8E+02     283.0   571.0   129.0
           2.5E+01    25.4    4.3E+02     428.3   573.0   129.0
           2.0E+01    19.8    4.6E+02     462.8   575.0   129.0
           2.1E+01    21.1    3.4E+02     335.9   572.0   126.0
           2.5E+01    25.4    2.3E+02     230.0   573.0   125.0
           3.0E+01    29.7    4.0E+02     398.0   574.0   125.0
           1.7E+01    17.3    6.0E+02     604.2   569.0   130.0
           1.9E+01    19.2    3.4E+02     337.0   566.0   128.0
           1.8E+01    18.0    3.9E+02     386.1   573.0   118.0
           1.5E+01    15.5    3.8E-01       0.4   575.0   118.0
           1.9E+01    19.2    1.4E+02     144.2   576.0   118.0
           2.1E+01    21.1    4.8E+02     481.6   578.0   120.0
           1.5E+01    15.5    4.2E+02     424.8   575.0   120.0
           1.3E+01    13.0    9.1E+01      91.2   578.0   116.0
           2.4E+01    24.1    9.7E+02     966.2   580.0   115.0
           2.2E+01    21.7    5.6E+02     555.2   579.0   113.0
           1.8E+01    18.0    1.4E+01      14.2   579.0   111.0
           2.0E+01    19.8    4.0E+02     396.8   579.0   109.0
           2.7E+01    27.2    1.9E+02     189.4   576.0   110.0
           2.4E+01    24.1    6.6E+02     655.2   574.0   109.0
           1.6E+01    16.1    7.9E+01      79.0   575.0   107.0
           1.9E+01    19.2    1.3E+02     133.8   573.0   108.0
           1.9E+01    19.2    3.4E+02     344.3   573.0   107.0
           2.2E+01    21.7    2.2E+02     218.5   574.0   104.0
           2.5E+01    24.8    3.1E+02     310.2   575.0   103.0
           2.1E+01    21.1    5.2E+02     521.4   572.0   104.0
           2.8E+01    27.9    5.2E+02     523.3   570.0   107.0
           1.6E+01    16.1    1.4E+02     136.1   569.0   109.0
           2.0E+01    20.4    2.1E+02     211.3   571.0   110.0
           1.1E+01    11.1    3.7E+02     371.1   568.0   108.0
           2.0E+01    19.8    4.1E+02     408.3   566.0   106.0
           2.2E+01    21.7    6.1E+01      61.0   564.0   107.0
           2.4E+01    23.5    1.3E+02     130.7   563.0   106.0
           1.8E+01    18.0    1.3E+02     127.3   565.0   105.0
           1.5E+01    14.9    7.4E+01      74.4   562.0   104.0
           1.7E+01    17.3    1.8E+02     181.7   559.0   104.0
           1.5E+01    14.9    2.5E+02     246.5   559.0   102.0
           1.9E+01    18.6    1.3E+02     129.6   553.0   107.0
           2.2E+01    21.7    8.7E+01      87.4   553.0   105.0
           1.7E+01    17.3    2.1E+02     208.6   555.0   104.0
           1.5E+01    14.9    5.5E+01      54.8   555.0   105.0
           1.4E+01    13.6    2.3E+00       2.3   556.0   106.0
           1.4E+01    13.6    6.8E+01      68.2   557.0   106.0
           2.4E+01    23.5    2.6E+01      26.5   560.0   108.0
           1.7E+01    16.7    1.7E+02     171.0   561.0   108.0
           1.9E+01    18.6    2.1E+02     208.2   558.0   109.0
           1.7E+01    17.3    1.3E+02     134.6   556.0   109.0
           1.8E+01    18.0    3.4E+02     338.2   554.0   109.0
           1.7E+01    16.7    8.8E+00       8.8   556.0   111.0
           1.8E+01    18.0    4.6E+02     462.0   556.0   113.0
           1.2E+01    11.8    8.8E+01      87.8   555.0   112.0
           2.2E+01    21.7    5.0E+02     503.0   554.0   113.0
           1.7E+01    16.7    4.7E+02     466.2   557.0   115.0
           1.8E+01    18.0    2.1E+02     213.9   555.0   116.0
           1.2E+01    11.8    3.1E+02     309.8   553.0   115.0
           2.4E+01    24.1    3.5E+02     345.4   559.0   115.0
           2.2E+01    21.7    1.5E+02     149.9   558.0   111.0
           2.0E+01    20.4    2.6E+02     263.8   559.0   112.0
           2.4E+01    23.5    2.1E+02     207.8   561.0   114.0
           2.0E+01    19.8    2.9E+02     294.5   561.0   111.0
           2.0E+01    19.8    2.4E+02     237.7   562.0   112.0
           2.1E+01    21.1    2.5E+02     246.9   562.0   110.0
           1.9E+01    18.6    3.8E+02     380.7   564.0   114.0
           2.9E+01    29.1    2.0E+01      19.6   563.0   112.0
           2.7E+01    26.6    2.9E+02     294.1   565.0   112.0
           2.8E+01    27.9    2.3E+02     227.7   565.0   111.0
           2.3E+01    22.9    4.0E+02     402.2   565.0   109.0
           2.4E+01    24.1    4.4E+02     444.4   566.0   115.0
           1.7E+01    17.3    1.6E+01      16.5   566.0   113.0
           4.5E+01    44.6    2.5E+02     245.4   564.0   116.0
           3.7E+01    36.5    1.7E+02     174.1   567.0   115.0
           2.8E+01    27.9    4.4E+02     441.3   570.0   114.0
           2.2E+01    21.7    5.7E+02     568.2   570.0   116.0
           2.3E+01    22.9    9.8E+01      97.8   568.0   113.0
           2.6E+01    26.0    4.3E+02     432.1   569.0   113.0
           2.5E+01    25.4    2.6E+02     257.6   572.0   113.0
           3.2E+01    31.6    2.5E+02     247.7   574.0   115.0
           2.6E+01    26.0    1.2E+02     115.4   575.0   114.0
           2.5E+01    24.8    3.1E+02     307.9   576.0   116.0
           2.4E+01    23.5    1.2E+02     124.2   576.0   114.0
           1.9E+01    19.2    2.2E+02     224.3   554.0   119.0
           2.2E+01    21.7    3.0E+02     299.1   552.0   118.0
           2.2E+01    22.3    5.0E+02     497.3   558.0   118.0
           2.9E+01    29.1    2.5E+02     254.2   560.0   119.0
           2.6E+01    26.0    5.7E+02     572.8   562.0   118.0
           2.3E+01    22.9    4.3E+02     430.9   563.0   120.0
           2.3E+01    22.9    3.4E+02     336.2   562.0   121.0
           1.9E+01    19.2    8.6E+01      85.9   560.0   122.0
           2.3E+01    22.9    2.7E+01      27.2   565.0   121.0
           2.4E+01    23.5    7.0E+02     697.8   565.0   123.0
           1.9E+01    19.2    1.3E+01      12.7   563.0   122.0
           2.0E+01    20.4    1.5E+02     154.9   565.0   124.0
           1.7E+01    17.3    2.0E+02     204.0   565.0   125.0
           2.2E+01    22.3    4.8E+02     479.6   565.0   126.0
           3.0E+01    30.3    4.2E+00       4.2   565.0   128.0
           2.1E+01    21.1    3.6E+01      36.0   560.0   122.0
           1.8E+01    18.0    1.6E+02     161.4   560.0   123.0
           2.4E+01    24.1    1.1E+03    1100.0   561.0   124.0
           2.1E+01    21.1    1.9E+02     194.0   559.0   124.0
           2.4E+01    23.5    7.8E+02     783.3   560.0   125.0
           1.5E+01    14.9    4.4E+02     435.2   561.0   127.0
           2.1E+01    21.1    8.4E+02     838.1   560.0   127.0
           1.8E+01    18.0    5.8E+02     575.5   558.0   127.0
           2.1E+01    21.1    1.2E+03    1183.9   558.0   128.0
           2.1E+01    21.1    6.5E+02     652.9   557.0   128.0
           3.1E+01    31.0    4.6E+02     455.1   555.0   128.0
           1.9E+01    18.6    9.3E+02     928.2   555.0   131.0
           2.0E+01    19.8    5.7E+02     570.5   554.0   130.0
           2.4E+01    24.1    7.7E+02     767.2   553.0   127.0
           2.9E+01    29.1    7.0E+02     703.9   552.0   125.0
           2.5E+01    25.4    4.3E+02     431.7   554.0   126.0
           2.7E+01    26.6    9.3E+02     934.7   555.0   125.0
           2.0E+01    19.8    2.3E+02     228.1   557.0   124.0
           2.1E+01    21.1    6.5E+02     648.0   557.0   122.0
           1.7E+01    16.7    4.5E+02     451.3   553.0   123.0
           2.5E+01    24.8    2.5E+02     250.0   525.0   122.0
           2.3E+01    22.9    2.7E+02     271.1   528.0   121.0
           2.3E+01    22.9    1.5E+02     154.1   529.0   116.0
           2.5E+01    25.4    2.7E+02     273.7   532.0   117.0
           2.4E+01    24.1    4.3E+02     427.9   535.0   118.0
           2.2E+01    22.3    2.0E+02     197.5   540.0   118.0
           1.7E+01    16.7    1.6E+02     160.3   539.0   122.0
           2.1E+01    21.1    2.2E+02     223.5   535.0   124.0
           2.2E+01    21.7    2.7E+02     269.5   536.0   127.0
           2.2E+01    22.3    2.2E+02     222.0   535.0   129.0
           2.5E+01    24.8    2.6E+02     264.9   534.0   127.0
           2.5E+01    25.4    5.0E+02     501.1   531.0   130.0
           1.8E+01    18.0    4.4E+02     442.1   542.0   125.0
           1.9E+01    19.2    3.8E+02     383.8   542.0   127.0
           1.6E+01    16.1    5.0E+02     501.9   545.0   124.0
           2.1E+01    21.1    1.8E+01      18.4   545.0   121.0
           2.3E+01    22.9    5.6E+02     557.5   547.0   121.0
           2.2E+01    21.7    4.2E+02     423.3   547.0   119.0
           2.1E+01    21.1    2.0E+02     201.3   549.0   118.0
           3.0E+01    30.3    8.4E+02     840.8   550.0   119.0
           2.1E+01    21.1    2.3E+02     225.8   549.0   116.0
           2.4E+01    24.1    5.9E+02     585.8   549.0   121.0
           1.5E+01    15.5    3.2E+02     315.2   550.0   122.0
           1.5E+01    14.9    1.3E+02     127.7   551.0   121.0
           2.0E+01    20.4    2.1E+02     213.2   550.0   126.0
           2.5E+01    24.8    3.3E+02     332.4   550.0   129.0
           1.7E+01    17.3    4.3E+02     430.9   551.0   129.0
           2.6E+01    26.0    1.5E+03    1518.3   553.0   129.0
           2.2E+01    21.7    3.4E+02     338.9   546.0   126.0
           2.2E+01    21.7    1.5E+02     153.0   546.0   117.0
           2.2E+01    22.3    6.4E+01      64.4   541.0   113.0
           2.5E+01    25.4    4.2E+02     422.5   542.0   114.0
           2.4E+01    24.1    5.2E+02     519.9   544.0   113.0
           2.7E+01    26.6    5.6E+02     558.2   545.0   111.0
           2.4E+01    24.1    1.7E+02     166.4   546.0   109.0
           2.6E+01    26.0    4.5E+02     446.7   544.0   110.0
           2.7E+01    27.2    4.9E+02     492.7   543.0   109.0
           1.9E+01    18.6    4.7E+02     468.5   543.0   106.0
           1.9E+01    19.2    2.5E+02     247.7   550.0   109.0
           1.4E+01    14.2    1.8E+02     183.6   551.0   111.0
           2.6E+01    26.0    2.4E+02     236.2   548.0   113.0
           2.1E+01    21.1    6.7E+02     672.1   550.0   103.0
           3.0E+01    30.3    9.1E+02     907.5   551.0   107.0
           1.1E+01    11.1    2.0E+02     202.1   545.0   103.0
           1.7E+01    16.7    2.0E+02     195.5   535.0   110.0
           1.4E+01    13.6    2.3E+02     233.9   537.0   113.0
           1.9E+01    19.2    1.2E+02     122.3   534.0   115.0
           2.2E+01    22.3    5.1E+02     508.8   531.0   115.0
           2.7E+01    26.6    3.3E+02     326.3   532.0   103.0
           2.2E+01    21.7    2.5E+02     245.4   518.0   124.0
           1.8E+01    18.0    9.2E+00       9.2   507.0   119.0
           1.9E+01    18.6    5.5E+02     552.5   497.0   119.0
           2.1E+01    21.1    4.2E+01      41.8   508.0   105.0
           2.4E+01    24.1    1.0E+02     100.1   523.0   118.0
           1.8E+01    18.0    4.1E+01      40.6   485.0   106.0
           2.3E+01    22.9    4.5E+02     446.3   475.0   112.0
           2.7E+01    27.2    6.3E+02     634.1   471.0    98.0
           2.5E+01    24.8    3.4E+02     339.3   474.0    96.0
           2.0E+01    19.8    2.7E+01      26.8   476.0    92.0
           2.0E+01    20.4    3.7E+02     370.4   482.0    89.0
           2.2E+01    22.3    1.6E+02     158.7   493.0    80.0
           3.8E+01    37.8    8.1E+02     812.4   521.0    98.0
           2.6E+01    26.0    1.9E+02     188.3   504.0    98.0
           3.8E+01    37.8    7.4E+02     744.6   497.0    99.0
           3.3E+01    32.8    1.6E+01      16.5   542.0   100.0
           2.0E+01    20.4    4.6E+02     460.8   541.0   101.0
           2.3E+01    22.9    1.7E+02     168.3   546.0    94.0
           2.7E+01    26.6    4.3E+02     425.6   549.0    96.0
           1.5E+01    14.9    4.1E+02     411.8   549.0    99.0
           2.5E+01    25.4    9.2E+01      92.0   548.0    87.0
           2.8E+01    28.5    2.5E+02     254.2   551.0    87.0
           2.3E+01    22.9    5.4E+02     543.7   546.0    81.0
           2.7E+01    26.6    9.5E+02     947.4   547.0    80.0
           8.0E+00     8.0    1.2E+02     118.5   540.0    76.0
           1.5E+01    15.5    3.9E+02     392.6   540.0    85.0
           1.9E+01    18.6    5.7E+02     565.1   535.0    93.0
           2.2E+01    21.7    3.0E+02     300.6   534.0    92.0
           3.3E+01    32.8    7.7E+02     766.4   529.0    94.0
           3.8E+01    37.8    2.0E+02     203.2   533.0   101.0
           3.7E+01    36.5    2.0E+02     203.6   527.0    86.0
           1.2E+01    11.8    1.5E+01      15.3   553.0   100.0
           1.7E+01    16.7    4.4E+02     442.8   554.0   100.0
           2.1E+01    21.1    4.9E+02     494.6   555.0    98.0
           2.5E+01    25.4    5.6E+02     555.9   557.0    99.0
           3.1E+01    31.0    5.8E+01      58.3   558.0   100.0
           1.9E+01    19.2    5.0E+02     498.8   557.0   102.0
           1.3E+01    13.0    4.0E+02     403.3   559.0    99.0
           2.0E+01    19.8    1.5E+02     149.9   561.0    99.0
           1.7E+01    16.7    4.0E+02     399.9   562.0    99.0
           1.7E+01    16.7    1.6E+02     162.9   561.0   100.0
           2.2E+01    22.3    5.0E+00       5.0   561.0   102.0
           1.7E+01    16.7    5.1E+02     508.0   562.0   102.0
           2.2E+01    22.3    4.7E+02     467.4   565.0   102.0
           1.5E+01    14.9    1.3E+02     133.8   562.0    98.0
           1.8E+01    18.0    4.1E+01      41.4   561.0    96.0
           1.8E+01    18.0    5.0E+02     500.7   562.0    96.0
           2.4E+01    24.1    3.1E+02     309.8   562.0    94.0
           1.9E+01    19.2    9.0E+02     904.1   564.0    95.0
           2.2E+01    21.7    1.5E+02     153.0   564.0    98.0
           2.0E+01    20.4    8.3E+02     830.1   566.0    97.0
           1.9E+01    18.6    5.4E+01      54.1   565.0    94.0
           2.1E+01    21.1    5.8E+02     575.9   565.0    93.0
           2.0E+01    20.4    7.2E+02     715.4   564.0    91.0
           2.3E+01    22.9    3.2E+01      32.2   562.0    92.0
           1.6E+01    16.1    5.7E+02     571.3   562.0    94.0
           2.2E+01    22.3    2.0E+02     196.7   562.0    90.0
           2.4E+01    24.1    5.1E+02     512.6   560.0    90.0
           1.9E+01    19.2    5.1E+02     511.8   559.0    91.0
           1.5E+01    15.5    5.9E+02     590.8   558.0    90.0
           1.6E+01    16.1    1.4E+01      13.8   557.0    94.0
           1.2E+01    12.4    3.5E+02     347.0   555.0    95.0
           2.7E+01    26.6    3.5E+02     345.4   557.0    90.0
           2.0E+01    19.8    4.8E+02     480.8   554.0    90.0
           2.6E+01    26.0    4.6E+00       4.6   565.0    89.0
           3.2E+01    32.2    4.9E+01      49.1   562.0    87.0
           1.7E+01    16.7    1.1E+02     105.1   565.0    88.0
           2.8E+01    27.9    3.7E+02     366.9   565.0    87.0
           2.6E+01    26.0    6.5E+02     646.4   564.0    85.0
           1.1E+01    11.1    2.9E+02     294.5   565.0    78.0
           2.2E+01    22.3    1.7E+02     165.2   553.0    79.0
           2.4E+01    24.1    2.5E+02     246.1   556.0    86.0
           2.9E+01    29.1    6.1E+02     606.9   567.0    87.0
           2.6E+01    26.0    2.3E+02     230.8   568.0    86.0
           2.1E+01    21.1    2.7E+02     265.7   569.0    85.0
           1.9E+01    19.2    3.5E+00       3.5   571.0    83.0
           1.9E+01    18.6    3.3E+02     330.1   569.0    81.0
           2.0E+01    19.8    2.1E+02     212.0   572.0    79.0
           1.4E+01    13.6    3.4E+02     335.9   569.0    75.0
           1.9E+01    19.2    5.2E+01      52.1   574.0    78.0
           2.3E+01    22.9    1.2E+00       1.2   574.0    81.0
           1.9E+01    19.2    3.9E+02     389.5   576.0    79.0
           1.9E+01    19.2    5.2E+02     516.8   577.0    81.0
           2.0E+01    20.4    5.0E+02     501.5   578.0    77.0
           2.2E+01    21.7    1.2E+02     120.0   575.0    84.0
           1.9E+01    18.6    5.2E+02     523.3   576.0    85.0
           2.1E+01    21.1    7.7E+02     768.3   571.0    85.0
           2.7E+01    26.6    4.0E+02     404.1   572.0    84.0
           2.2E+01    21.7    2.2E+02     216.6   570.0    88.0
           1.7E+01    17.3    4.2E+02     417.5   576.0    88.0
           1.3E+01    13.0    1.2E+01      11.9   578.0    85.0
           1.9E+01    19.2    1.1E+02     113.9   579.0    84.0
           2.6E+01    26.0    5.1E+02     505.7   579.0    86.0
           1.1E+01    11.1    1.9E+02     187.9   572.0    89.0
           2.0E+01    20.4    2.5E+02     250.0   576.0    89.0
           1.9E+01    19.2    8.1E+01      80.9   574.0    90.0
           1.9E+01    18.6    7.2E+02     722.7   573.0    92.0
           1.9E+01    19.2    1.8E+02     176.0   572.0    93.0
           2.6E+01    26.0    2.7E+02     271.4   571.0    91.0
           1.9E+01    18.6    2.6E+02     262.2   567.0    90.0
           1.6E+01    16.1    1.3E+02     132.3   568.0    93.0
           1.9E+01    19.2    8.5E+02     850.8   570.0    93.0
           2.2E+01    21.7    1.0E+03    1004.1   568.0    95.0
           2.7E+01    27.2    2.0E+02     200.1   569.0    97.0
           2.0E+01    20.4    7.4E+02     741.5   566.0    98.0
           2.0E+01    20.4    5.0E+02     503.8   571.0    96.0
           1.7E+01    16.7    1.4E+02     138.0   574.0    94.0
           2.7E+01    27.2    1.8E+02     182.5   576.0    94.0
           2.0E+01    19.8    4.1E+02     409.5   576.0    92.0
           2.2E+01    21.7    1.6E+02     163.7   579.0    94.0
           2.4E+01    23.5    1.0E+03    1036.7   579.0    97.0
           2.8E+01    28.5    6.6E+02     662.9   576.0    98.0
           1.9E+01    19.2    1.2E+02     121.9   576.0    99.0
           2.1E+01    21.1    3.4E+02     344.7   578.0    98.0
           3.3E+01    33.4    4.9E+02     486.9   580.0   101.0
           2.2E+01    21.7    5.4E+02     535.2   573.0   100.0
           2.7E+01    27.2    3.6E+02     363.1   571.0   101.0
           2.7E+01    27.2    7.6E+02     757.2   570.0   100.0
           2.9E+01    29.1    8.0E+02     799.4   569.0   101.0
           2.1E+01    21.1    4.4E+02     435.9   569.0   102.0
           2.5E+01    25.4    7.9E+02     794.4   569.0   102.0
           3.3E+01    33.4    4.9E+01      49.5   567.0   102.0
           2.3E+01    22.9    2.4E+02     236.2   568.0    89.0
           2.2E+01    21.7    9.9E+01      98.9   582.0    98.0
           2.7E+01    26.6    3.6E+02     359.2   581.0    99.0
           2.6E+01    26.0    6.1E+02     611.5   583.0    99.0
           2.7E+01    26.6    3.3E+02     329.7   582.0   101.0
           2.2E+01    22.3    9.9E+01      98.5   584.0   101.0
           1.8E+01    18.0    7.5E+02     749.6   586.0   101.0
           1.7E+01    17.3    5.9E+02     586.2   586.0    99.0
           3.0E+01    29.7    4.9E+02     491.9   589.0    96.0
           3.0E+01    29.7    3.8E+00       3.8   585.0    93.0
           1.7E+01    16.7    1.4E+02     141.5   587.0    90.0
           2.7E+01    27.2    3.9E+02     387.6   586.0    89.0
           1.4E+01    14.2    2.3E+01      22.6   584.0    91.0
           1.8E+01    18.0    8.4E+01      84.3   582.0    90.0
           1.4E+01    14.2    2.7E+01      26.8   582.0    93.0
           1.8E+01    18.0    5.3E+02     528.3   581.0    95.0
           2.8E+01    27.9    8.9E+02     893.7   592.0    88.0
           1.9E+01    18.6    6.4E+01      63.6   586.0    87.0
           2.6E+01    26.0    5.8E+02     578.6   585.0    88.0
           1.5E+01    15.5    1.4E+02     141.5   581.0    87.0
           1.8E+01    18.0    2.8E+02     279.1   583.0    85.0
           1.4E+01    14.2    4.0E+02     398.7   589.0    85.0
           1.2E+01    12.4    1.2E+00       1.2   587.0    81.0
           2.2E+01    22.3    3.4E+02     342.0   588.0    78.0
           2.5E+01    24.8    5.0E+01      49.8   593.0    77.0
           2.2E+01    21.7    3.6E+02     356.9   593.0    75.0
           1.8E+01    18.0    2.9E+02     286.8   586.0    77.0
           2.0E+01    19.8    4.7E+02     465.8   583.0    80.0
           3.3E+01    33.4    8.1E+02     806.3   582.0    82.0
           1.7E+01    16.7    2.1E+01      21.1   584.0    82.0
           2.0E+01    19.8    1.8E+02     176.4   583.0    76.0
           1.5E+01    14.9    1.6E+02     160.3   595.0    97.0
           1.5E+01    15.5    3.7E+01      36.8   595.0   100.0
           3.5E+01    35.3    1.6E+03    1604.9   603.0    92.0
           2.9E+01    29.1    5.7E+02     572.8   601.0    85.0
           2.4E+01    23.5    4.3E+02     434.0   603.0    79.0
           2.3E+01    22.9    1.1E+03    1050.5   606.0    83.0
           2.8E+01    28.5    1.3E+03    1274.4   600.0    95.0
           2.2E+01    22.3    7.0E+01      70.2   583.0    88.0
           2.7E+01    26.6    7.0E+01      69.8   613.0    94.0
           2.2E+01    22.3    2.4E+02     242.7   612.0    81.0
           3.0E+01    29.7    6.4E+02     641.4   627.0    81.0
           1.9E+01    19.2    9.9E+01      99.3   631.0    88.0
           9.3E+00     9.3    4.3E+02     429.8   631.0    90.0
           2.7E+01    26.6    1.4E+02     138.0   630.0    95.0
           2.5E+01    24.8    4.3E+02     432.9   620.0    72.0
           1.2E+01    12.4    4.3E+02     429.8   611.0    74.0
           1.4E+01    13.6    2.6E+02     261.1   614.0    69.0
           2.0E+01    19.8    6.6E+02     663.3   611.0    66.0
           2.0E+01    19.8    3.7E+02     371.1   617.0    57.0
           1.2E+01    11.8    3.4E+02     341.6   619.0    58.0
           1.2E+01    11.8    1.5E+02     147.2   621.0    65.0
           1.4E+01    14.2    7.3E+02     727.3   629.0    67.0
           3.1E+01    31.0    5.6E+02     564.0   592.0    70.0
           1.9E+01    19.2    5.9E+02     585.8   591.0    69.0
           2.2E+01    22.3    4.0E+02     398.7   591.0    71.0
           2.1E+01    21.1    9.5E+02     947.4   588.0    71.0
           2.6E+01    26.0    3.6E+02     355.0   583.0    68.0
           2.7E+01    27.2    8.7E+02     870.7   596.0    62.0
           1.7E+01    17.3    3.8E+02     378.4   603.0    58.0
           1.5E+01    14.9    3.9E+02     392.6   603.0    61.0
           1.8E+01    18.0    2.3E+02     227.0   606.0    67.0
           2.0E+01    20.4    2.6E+02     263.0   581.0    53.0
           8.0E+00     8.0    5.4E+00       5.4   590.0    47.0
           2.5E+01    24.8    2.1E+02     210.9   587.0    56.0
           1.9E+01    19.2    1.7E+01      17.3   569.0    73.0
           2.1E+01    21.1    1.4E+02     142.2   567.0    70.0
           2.1E+01    21.1    4.5E+02     445.9   573.0    71.0
           2.5E+01    24.8    8.8E+01      87.8   574.0    69.0
           1.3E+01    13.0    3.3E+02     326.3   576.0    70.0
           2.3E+01    22.9    5.3E+01      52.5   577.0    70.0
           2.5E+01    24.8    5.8E+02     582.4   579.0    68.0
           1.3E+01    13.0    7.9E+01      79.4   574.0    66.0
           1.9E+01    19.2    6.6E+02     657.5   572.0    64.0
           1.9E+01    19.2    8.3E+02     826.2   564.0    63.0
           2.4E+01    24.1    4.6E+02     458.5   554.0    72.0
           1.9E+01    18.6    5.2E+02     517.6   558.0    73.0
           1.6E+01    16.1    7.1E+02     710.8   530.0    70.0
           1.7E+01    16.7    4.9E+01      49.5   526.0    66.0
           1.1E+01    10.5    2.4E+02     244.2   532.0    61.0
           1.2E+01    11.8    4.5E+02     451.6   539.0    51.0
           2.4E+01    24.1    7.5E+02     750.7   530.0    57.0
           2.0E+01    19.8    1.0E+03    1027.9   542.0    70.0
           2.1E+01    21.1    6.1E+02     611.1   503.0    64.0
           2.0E+01    19.8    2.3E+02     230.0   503.0    67.0
           2.2E+01    22.3    1.2E+02     122.7   512.0    66.0
           2.2E+01    21.7    1.1E+03    1137.6   521.0    66.0
           3.4E+01    34.1    5.9E+02     585.1   490.0    72.0
           3.5E+01    35.3    7.5E+02     754.5   475.0    72.0
           2.2E+01    22.3    3.7E+02     374.2   490.0    60.0
           2.2E+01    22.3    3.0E+01      29.5   493.0    51.0
           4.8E+01    48.3    3.8E+02     375.7   491.0    35.0
           2.5E+01    25.4    4.8E+02     479.3   512.0    42.0
           1.5E+01    15.5    4.8E+02     477.3   519.0    36.0
           2.2E+01    21.7    1.1E+02     106.6   516.0    23.0
           2.4E+01    23.5    8.5E+02     851.9   530.0    36.0
           2.9E+01    29.1    5.8E+02     584.3   548.0    32.0
           2.6E+01    26.0    3.3E+01      33.4   558.0    30.0
           1.6E+01    16.1    1.9E+02     185.2   560.0    31.0
           2.1E+01    21.1    9.9E+02     991.9   558.0    44.0
           3.1E+01    31.0    1.0E+03    1002.6   573.0    40.0
           2.2E+01    21.7    7.4E+02     736.5   576.0    40.0
           1.6E+01    16.1    9.7E+02     969.6   578.0    40.0
           3.0E+01    30.3    1.1E+02     106.2   560.0    48.0
           1.9E+01    19.2    7.1E+02     709.7   588.0    45.0
           1.7E+01    16.7    4.0E+02     398.0   591.0    42.0
           2.0E+01    20.4    2.9E+02     291.0   599.0    37.0
           1.5E+01    15.5    2.4E+02     238.5   601.0    43.0
           2.6E+01    26.0    4.9E+02     490.8   599.0    21.0
           3.0E+01    30.3    9.2E+02     919.0   587.0    25.0
           2.8E+01    28.5    2.3E+02     225.1   580.0    45.0
           3.0E+01    30.3    7.7E+02     768.0   625.0    27.0
           2.4E+01    23.5    5.1E+01      51.0   613.0    34.0
           3.4E+01    34.1    1.4E+03    1376.4   613.0   156.0
           8.7E+00     8.7    9.3E+01      92.8   614.0   153.0
           2.4E+01    24.1    4.7E+02     467.8   610.0   135.0
           1.9E+01    19.2    4.9E+02     495.0   614.0   134.0
           2.1E+01    21.1    8.0E+01      79.7   630.0   134.0
           1.7E+01    16.7    4.3E+02     430.9   586.0   140.0
           2.7E+01    26.6    1.4E+02     141.9   585.0   138.0
           1.7E+01    16.7    4.3E+01      42.9   585.0   136.0
           1.9E+01    18.6    4.8E+02     482.7   584.0   134.0
           2.0E+01    20.4    2.9E+02     294.5   583.0   132.0
           1.4E+01    14.2    1.0E+02     104.3   581.0   132.0
           3.0E+01    30.3    3.3E+02     327.4   582.0   131.0
           1.8E+01    18.0    2.4E+02     240.8   591.0   132.0
           2.0E+01    19.8    6.4E+01      64.4   581.0   142.0
           2.1E+01    21.1    6.1E+02     609.2   582.0   142.0
           1.5E+01    14.9    2.7E+02     268.4   581.0   140.0
           8.7E+00     8.7    1.2E+02     115.0   582.0   134.0
           1.2E+01    12.4    7.6E+01      76.3   603.0   142.0
           1.1E+01    10.5    2.8E+02     284.5   606.0   134.0
           2.2E+01    22.3    5.6E+02     563.6   567.0   155.0
           2.3E+01    22.9    3.2E+01      31.8   567.0   146.0
           1.9E+01    19.2    2.9E+01      29.1   572.0   148.0
           2.5E+01    24.8    9.3E+02     932.8   572.0   145.0
           2.1E+01    21.1    3.7E+02     370.4   571.0   141.0
           2.0E+01    20.4    2.9E+02     294.1   569.0   141.0
           2.1E+01    21.1    1.0E+02     103.9   573.0   139.0
           2.2E+01    21.7    3.8E+02     384.2   571.0   137.0
           2.0E+01    20.4    4.0E+02     403.3   573.0   137.0
           1.9E+01    19.2    1.6E+02     158.3   570.0   134.0
           1.4E+01    13.6    3.0E+02     304.8   568.0   134.0
           1.5E+01    14.9    1.5E+02     147.2   567.0   136.0
           1.7E+01    16.7    3.4E+01      34.1   566.0   133.0
           2.5E+01    25.4    3.3E+02     326.7   567.0   131.0
           1.7E+01    16.7    3.8E+00       3.8   569.0   132.0
           2.7E+01    27.2    2.6E+02     261.1   566.0   140.0
           2.7E+01    27.2    2.4E+02     238.9   570.0   143.0
           2.8E+01    28.5    5.2E+02     516.1   578.0   137.0
           1.7E+01    17.3    2.4E+02     238.5   576.0   134.0
           1.8E+01    18.0    1.4E+02     139.6   578.0   134.0
           2.2E+01    21.7    3.7E+02     369.6   579.0   132.0
           2.0E+01    20.4    1.9E+02     187.1   576.0   132.0
           3.1E+01    31.0    1.8E+02     176.4   575.0   131.0
           2.2E+01    21.7    1.1E+01      10.7   574.0   133.0
           2.2E+01    22.3    4.6E+02     457.0   561.0   146.0
           2.5E+01    24.8    6.9E+02     685.9   563.0   146.0
           2.7E+01    27.2    4.9E+02     485.0   555.0   146.0
           2.4E+01    23.5    6.0E+02     604.2   559.0   148.0
           3.5E+01    34.7    4.5E+02     453.9   560.0   152.0
           2.4E+01    23.5    1.2E+03    1196.6   563.0   156.0
           2.8E+01    28.5    9.9E+02     988.8   554.0   155.0
           1.7E+01    16.7    3.9E+02     392.6   554.0   151.0
           2.9E+01    29.1    2.7E+02     274.9   555.0   143.0
           3.5E+01    34.7    6.4E+02     641.8   559.0   144.0
           2.0E+01    19.8    3.4E+02     340.1   557.0   140.0
           2.6E+01    26.0    6.0E+02     602.3   556.0   138.0
           2.8E+01    28.5    2.2E+02     222.8   555.0   138.0
           2.8E+01    27.9    5.4E+02     541.4   554.0   139.0
           2.8E+01    28.5    6.9E+00       6.9   553.0   137.0
           2.5E+01    25.4    2.1E+02     206.3   553.0   136.0
           2.7E+01    26.6    2.8E+02     281.4   554.0   134.0
           4.0E+01    40.2    1.3E+01      13.4   555.0   132.0
           2.3E+01    22.9    5.7E+01      57.1   553.0   131.0
           2.4E+01    24.1    7.7E+01      77.1   558.0   131.0
           1.9E+01    19.2    6.4E+01      64.0   560.0   131.0
           3.2E+01    31.6    4.2E+02     424.0   560.0   130.0
           1.7E+01    17.3    6.5E+00       6.5   559.0   133.0
           1.4E+01    13.6    6.9E+01      69.4   561.0   135.0
           2.7E+01    27.2    1.2E+01      12.3   562.0   134.0
           3.1E+01    31.0    1.6E+02     156.8   563.0   133.0
           1.8E+01    18.0    1.3E+02     130.4   563.0   132.0
           2.3E+01    22.9    8.0E+01      79.7   562.0   131.0
           2.6E+01    26.0    3.7E+02     365.8   565.0   131.0
           1.6E+01    16.1    3.1E+02     305.6   565.0   134.0
           1.6E+01    16.1    9.4E+01      93.9   564.0   138.0
           2.0E+01    19.8    9.8E+01      97.8   563.0   135.0
           2.4E+01    23.5    1.9E+02     188.3   561.0   137.0
           2.4E+01    24.1    1.3E+02     129.6   560.0   139.0
           1.6E+01    16.1    3.2E+02     316.7   561.0   140.0
           2.6E+01    26.0    1.1E+02     113.5   563.0   141.0
           2.0E+01    19.8    2.7E+02     267.2   563.0   140.0
           1.9E+01    19.2    1.3E+02     133.0   565.0   143.0
           2.1E+01    21.1    6.9E+01      68.6   565.0   142.0
           1.7E+01    17.3    8.7E+01      86.6   566.0   139.0
           2.4E+01    24.1    2.3E+02     229.7   556.0   135.0
           3.3E+01    32.8    7.1E+02     710.1   526.0   156.0
           2.5E+01    24.8    1.2E+02     124.2   530.0   152.0
           3.2E+01    31.6    3.9E+02     394.5   532.0   143.0
           1.4E+01    13.6    2.1E+02     209.7   527.0   135.0
           1.8E+01    18.0    2.6E+02     261.9   529.0   132.0
           2.0E+01    20.4    1.8E+02     180.6   534.0   134.0
           1.9E+01    19.2    4.5E+02     453.2   537.0   136.0
           2.5E+01    25.4    8.4E+01      84.3   539.0   133.0
           1.2E+01    12.4    2.0E+02     200.9   538.0   131.0
           2.0E+01    19.8    1.8E+01      17.6   540.0   135.0
           2.5E+01    25.4    5.3E+02     525.3   543.0   138.0
           2.2E+01    21.7    3.0E+02     303.7   542.0   139.0
           1.9E+01    19.2    5.8E+01      57.9   543.0   133.0
           2.3E+01    22.9    3.9E+02     392.2   545.0   135.0
           2.2E+01    21.7    2.8E+02     275.7   546.0   135.0
           2.2E+01    22.3    1.4E+02     142.6   548.0   135.0
           2.7E+01    26.6    4.6E+02     456.6   548.0   131.0
           2.7E+01    26.6    6.9E+02     687.8   549.0   133.0
           3.1E+01    31.0    1.9E+02     191.3   550.0   135.0
           2.5E+01    25.4    4.9E+02     489.6   550.0   137.0
           2.4E+01    23.5    8.2E+02     817.0   551.0   139.0
           3.2E+01    32.2    6.9E+01      69.4   547.0   139.0
           3.0E+01    29.7    1.9E+02     189.8   547.0   141.0
           2.0E+01    19.8    1.5E+02     148.0   550.0   143.0
           1.9E+01    18.6    2.8E+01      27.6   546.0   143.0
           1.9E+01    18.6    8.0E+02     800.2   548.0   144.0
           2.3E+01    22.9    9.5E+02     952.8   547.0   146.0
           1.8E+01    18.0    2.8E+02     276.0   543.0   149.0
           3.0E+01    29.7    3.1E+02     308.3   538.0   150.0
           2.1E+01    21.1    2.0E+02     202.4   539.0   148.0
           1.7E+01    17.3    5.8E+02     582.4   544.0   153.0
           2.5E+01    25.4    1.1E+03    1118.8   547.0   152.0
           2.8E+01    28.5    1.4E+02     138.0   523.0   151.0
           2.4E+01    24.1    2.8E+02     282.2   517.0   142.0
           1.5E+01    15.5    3.9E+02     392.6   511.0   146.0
           1.7E+01    16.7    3.8E+02     380.0   508.0   137.0
           1.3E+01    13.0    2.9E+02     290.6   498.0   140.0
           1.1E+01    11.1    5.0E+02     501.5   523.0   132.0
           3.2E+01    32.2    1.1E+03    1104.2   491.0   155.0
           2.0E+01    19.8    1.3E+02     126.9   483.0   150.0
           3.3E+01    32.8    6.2E+02     617.3   470.0   145.0
           2.2E+01    21.7    7.9E+02     791.0   479.0   183.0
           1.6E+01    16.1    6.4E+02     643.0   484.0   181.0
           1.8E+01    18.0    1.5E+02     149.1   487.0   173.0
           3.5E+01    35.3    1.2E+03    1184.3   494.0   175.0
           1.8E+01    18.0    1.4E+02     137.3   513.0   181.0
           2.5E+01    25.4    1.5E+02     152.6   521.0   169.0
           3.4E+01    34.1    1.2E+03    1232.3   533.0   185.0
           1.6E+01    16.1    4.5E+02     452.4   535.0   185.0
           9.3E+00     9.3    2.5E+02     246.9   528.0   171.0
           1.4E+01    13.6    1.2E+02     123.1   526.0   168.0
           2.6E+01    26.0    9.6E+00       9.6   527.0   167.0
           1.8E+01    18.0    4.0E+02     398.7   532.0   168.0
           1.6E+01    16.1    2.3E+02     225.8   531.0   161.0
           2.2E+01    21.7    6.5E+01      64.8   535.0   161.0
           1.7E+01    17.3    2.8E+02     281.8   539.0   163.0
           1.7E+01    16.7    5.2E+02     520.3   545.0   165.0
           2.1E+01    21.1    9.9E+01      98.9   552.0   169.0
           2.7E+01    27.2    1.7E+02     170.6   558.0   173.0
           1.4E+01    13.6    6.1E+02     614.2   569.0   161.0
           1.1E+01    11.1    4.1E+02     405.3   570.0   161.0
           3.3E+01    32.8    8.3E+02     830.8   602.0   176.0
           2.4E+01    23.5    1.3E+03    1338.8   601.0   175.0
           1.9E+01    19.2    9.2E+01      92.0   592.0   165.0
           1.5E+01    14.9    2.0E+02     201.7   588.0   170.0
           2.0E+01    19.8    7.1E+02     706.2   581.0   177.0
           1.9E+01    18.6    8.2E+02     820.9   602.0   184.0
           2.1E+01    21.1    4.2E+02     418.3   609.0   185.0
           1.2E+01    12.4    3.6E+02     360.4   610.0   174.0

     Mean   22    21.7      362     362.2   563   110
