
ULP Computer Microscope

Stucture reference data file ALU.DAT - 

Written at 07/11/2008 on 17:40

2 cell types considered

     Integer units are pixels, Floating point units are micron

     Cell Type Outline  (3)

            Perimeter           Area         C of G

           4.4E+02   439.5    1.7E+04   16511.8   526.0   480.0
           1.3E+04   13031.8    7.3E+06   7321798.0   575.0   530.0
           5.3E+03   5273.9    4.1E+04   41259.3   434.0   292.0

     Mean 6248   6248.4   2459856   2459856.4   512   434

     Cell Type Rhodamine  (341)

            Perimeter           Area         C of G

           4.6E+01    46.4    1.1E+03    1100.0   389.0   371.0
           5.0E+01    49.5    1.4E+03    1390.6   388.0   365.0
           4.1E+01    40.9    8.7E+02     872.6   395.0   362.0
           3.3E+01    33.4    1.3E+03    1253.7   399.0   364.0
           2.9E+01    29.1    9.2E+02     924.4   396.0   360.0
           3.7E+01    36.5    9.7E+02     965.0   388.0   360.0
           4.2E+01    42.1    5.9E+02     591.2   384.0   370.0
           3.6E+01    35.9    1.1E+03    1059.0   388.0   374.0
           4.3E+01    43.3    1.6E+03    1631.0   388.0   380.0
           4.3E+01    43.3    1.3E+03    1272.9   383.0   384.0
           2.7E+01    26.6    1.6E+01      15.7   380.0   385.0
           3.9E+01    39.0    1.5E+03    1496.8   382.0   383.0
           3.3E+01    33.4    1.0E+03    1046.7   381.0   380.0
           3.5E+01    35.3    8.6E+02     861.5   378.0   381.0
           4.0E+01    40.2    6.2E+02     620.7   374.0   382.0
           4.6E+01    46.4    8.2E+02     815.5   372.0   382.0
           5.3E+01    53.3    1.5E+03    1476.5   374.0   389.0
           4.4E+01    44.0    9.6E+02     963.9   376.0   386.0
           3.5E+01    35.3    7.8E+02     779.5   378.0   377.0
           4.3E+01    42.7    6.0E+02     597.3   377.0   372.0
           3.3E+01    32.8    1.3E+02     127.7   375.0   373.0
           3.5E+01    35.3    2.1E+02     208.2   372.0   374.0
           3.8E+01    37.8    5.9E+02     586.2   373.0   369.0
           4.0E+01    39.6    3.3E+02     332.0   372.0   365.0
           3.2E+01    32.2    3.1E+02     311.3   374.0   363.0
           3.9E+01    39.0    3.1E+02     305.2   373.0   361.0
           3.2E+01    32.2    3.3E+02     329.3   376.0   366.0
           4.8E+01    47.7    4.9E+02     485.0   380.0   365.0
           4.0E+01    39.6    8.1E+02     806.3   381.0   368.0
           3.7E+01    36.5    8.2E+02     819.7   379.0   369.0
           3.6E+01    35.9    7.1E+02     707.4   383.0   363.0
           3.2E+01    31.6    5.1E+02     505.7   381.0   361.0
           3.4E+01    34.1    2.6E+02     260.7   378.0   360.0
           3.7E+01    36.5    9.4E+02     940.9   398.0   377.0
           4.8E+01    47.7    9.0E+02     896.0   322.0   328.0
           3.6E+01    35.9    1.4E+03    1383.3   319.0   326.0
           3.1E+01    31.0    5.2E+02     524.5   315.0   324.0
           3.7E+01    36.5    8.2E+02     817.4   315.0   326.0
           3.5E+01    34.7    9.2E+02     918.6   310.0   324.0
           4.8E+01    48.3    9.3E+02     930.5   312.0   317.0
           4.3E+01    42.7    5.9E+02     585.5   309.0   318.0
           5.2E+01    52.0    1.3E+03    1290.1   316.0   322.0
           4.1E+01    41.5    8.9E+02     893.7   324.0   323.0
           5.6E+01    55.7    7.5E+02     753.4   325.0   321.0
           3.3E+01    32.8    1.3E+03    1292.8   329.0   319.0
           4.3E+01    42.7    1.4E+03    1382.9   332.0   319.0
           5.8E+01    58.2    1.9E+03    1949.2   331.0   325.0
           5.1E+01    51.4    2.0E+03    2010.9   328.0   327.0
           5.1E+01    51.4    2.5E+03    2482.9   334.0   322.0
           4.2E+01    42.1    2.4E+03    2383.6   337.0   322.0
           3.2E+01    31.6    1.4E+03    1362.6   335.0   319.0
           4.1E+01    40.9    2.0E+03    1975.7   332.0   318.0
           3.9E+01    39.0    1.1E+03    1063.2   334.0   311.0
           3.0E+01    30.3    8.7E+02     865.3   332.0   311.0
           3.2E+01    31.6    8.9E+02     886.8   329.0   310.0
           3.8E+01    38.4    5.9E+01      58.7   326.0   310.0
           3.1E+01    31.0    1.1E+03    1062.0   325.0   314.0
           3.5E+01    35.3    8.3E+02     833.5   320.0   313.0
           3.3E+01    32.8    3.6E+02     359.2   321.0   310.0
           4.6E+01    46.4    1.1E+03    1119.9   318.0   309.0
           3.4E+01    34.1    4.0E+02     396.4   318.0   304.0
           3.7E+01    37.2    5.5E+02     550.6   315.0   304.0
           4.0E+01    40.2    5.4E+02     543.3   309.0   301.0
           3.9E+01    39.0    4.8E+02     484.2   315.0   298.0
           4.1E+01    41.5    6.1E+02     608.5   322.0   300.0
           3.0E+01    30.3    3.3E+02     327.4   320.0   301.0
           3.8E+01    37.8    8.2E+02     822.0   323.0   304.0
           3.0E+01    30.3    5.2E+02     521.0   324.0   301.0
           4.5E+01    45.2    1.2E+03    1153.7   327.0   306.0
           4.1E+01    40.9    1.4E+03    1399.0   331.0   304.0
           3.0E+01    30.3    6.5E+02     645.6   331.0   300.0
           3.4E+01    34.1    9.7E+02     966.6   335.0   305.0
           3.8E+01    37.8    6.1E+02     605.0   334.0   307.0
           4.8E+01    47.7    2.0E+03    1978.4   335.0   308.0
           3.0E+01    29.7    1.3E+03    1291.3   338.0   307.0
           2.7E+01    27.2    3.9E+02     388.0   337.0   299.0
           4.3E+01    43.3    1.1E+03    1061.3   331.0   308.0
           4.4E+01    44.0    1.7E+03    1732.2   338.0   328.0
           6.0E+01    60.1    1.6E+03    1591.1   391.0   325.0
           4.4E+01    44.0    1.2E+03    1202.7   396.0   324.0
           4.2E+01    42.1    1.8E+03    1815.4   398.0   321.0
           4.6E+01    45.8    1.4E+03    1424.7   391.0   320.0
           4.0E+01    39.6    9.2E+02     922.1   392.0   316.0
           3.8E+01    37.8    1.2E+03    1154.8   398.0   315.0
           4.2E+01    42.1    7.1E+02     708.5   388.0   317.0
           5.4E+01    54.5    2.9E+02     286.0   385.0   318.0
           4.6E+01    45.8    1.0E+03    1024.1   385.0   323.0
           3.5E+01    34.7    1.1E+03    1091.5   386.0   325.0
           2.7E+01    27.2    6.6E+02     664.8   381.0   325.0
           3.6E+01    35.9    3.9E+02     393.8   379.0   327.0
           3.1E+01    31.0    1.0E+02     101.2   376.0   323.0
           4.6E+01    45.8    3.3E+02     326.7   372.0   325.0
           3.4E+01    34.1    4.5E+02     454.3   372.0   320.0
           3.2E+01    32.2    3.1E+02     310.6   376.0   320.0
           3.8E+01    38.4    7.0E+02     702.8   373.0   314.0
           4.4E+01    44.0    7.6E+02     764.9   376.0   316.0
           3.9E+01    39.0    5.1E+02     505.7   381.0   313.0
           3.7E+01    37.2    8.8E+02     881.8   382.0   315.0
           3.7E+01    37.2    8.1E+02     812.4   384.0   312.0
           3.9E+01    39.0    7.7E+02     771.4   388.0   310.0
           4.0E+01    39.6    1.1E+03    1068.2   388.0   312.0
           3.7E+01    36.5    8.8E+02     883.7   386.0   308.0
           3.7E+01    37.2    5.7E+02     566.7   382.0   307.0
           3.5E+01    35.3    4.6E+02     464.3   380.0   304.0
           3.9E+01    39.0    5.7E+02     569.7   376.0   305.0
           3.5E+01    34.7    3.6E+02     358.5   373.0   300.0
           2.4E+01    24.1    2.7E+02     265.3   377.0   299.0
           3.7E+01    37.2    5.4E+02     536.4   381.0   298.0
           4.1E+01    40.9    8.2E+02     815.1   387.0   299.0
           3.2E+01    31.6    5.4E+02     536.0   387.0   301.0
           4.0E+01    40.2    6.0E+02     604.2   388.0   303.0
           4.4E+01    44.0    1.4E+03    1368.0   393.0   307.0
           3.2E+01    31.6    8.5E+02     849.6   391.0   306.0
           4.0E+01    40.2    1.0E+03    1032.1   392.0   301.0
           4.0E+01    39.6    8.0E+02     801.7   396.0   300.0
           3.2E+01    32.2    6.8E+02     677.9   400.0   304.0
           3.4E+01    34.1    5.6E+02     562.8   400.0   306.0
           2.9E+01    29.1    6.4E+02     643.7   400.0   312.0
           3.7E+01    37.2    1.4E+02     144.2   381.0   322.0
           4.0E+01    39.6    2.7E+02     266.5   371.0   307.0
           4.3E+01    42.7    4.1E+02     410.2   373.0   304.0
           3.2E+01    31.6    9.6E+00       9.6   375.0   302.0
           5.3E+01    52.6    1.5E+03    1488.0   380.0   310.0
           4.1E+01    41.5    6.3E+02     634.5   380.0   306.0
           4.6E+01    46.4    1.5E+03    1546.3   455.0   328.0
           4.0E+01    39.6    1.1E+03    1127.2   453.0   323.0
           4.5E+01    45.2    2.6E+03    2624.0   460.0   323.0
           3.8E+01    38.4    2.0E+03    1989.5   460.0   320.0
           4.3E+01    42.7    1.3E+03    1288.2   458.0   317.0
           3.4E+01    34.1    1.5E+03    1451.6   461.0   315.0
           3.2E+01    32.2    7.8E+02     779.8   457.0   314.0
           4.0E+01    40.2    1.4E+03    1448.5   453.0   316.0
           4.2E+01    42.1    5.7E+02     566.3   452.0   315.0
           4.1E+01    41.5    1.2E+03    1217.7   450.0   313.0
           3.3E+01    33.4    8.5E+02     851.5   460.0   307.0
           4.0E+01    39.6    1.3E+03    1279.4   462.0   309.0
           4.5E+01    44.6    1.8E+03    1833.8   460.0   302.0
           2.5E+01    25.4    4.1E+02     408.7   462.0   299.0
           3.8E+01    38.4    1.2E+03    1218.8   456.0   305.0
           3.8E+01    37.8    6.0E+02     596.2   452.0   304.0
           4.1E+01    41.5    1.2E+03    1246.8   452.0   306.0
           3.2E+01    32.2    8.0E+02     802.1   454.0   300.0
           4.1E+01    40.9    5.6E+02     563.2   449.0   299.0
           3.4E+01    34.1    5.3E+02     534.5   446.0   299.0
           3.3E+01    32.8    1.2E+02     120.8   444.0   298.0
           3.3E+01    32.8    4.1E+02     412.9   444.0   301.0
           4.0E+01    39.6    4.5E+02     449.7   445.0   302.0
           3.1E+01    31.0    4.0E+02     399.1   447.0   305.0
           3.9E+01    39.0    8.4E+02     844.6   446.0   310.0
           4.6E+01    45.8    5.2E+02     517.6   441.0   308.0
           3.6E+01    35.9    4.7E+02     468.1   442.0   312.0
           4.3E+01    43.3    1.2E+03    1244.1   444.0   316.0
           5.1E+01    51.4    9.6E+02     957.0   438.0   317.0
           3.8E+01    38.4    7.8E+02     778.7   440.0   319.0
           3.5E+01    35.3    9.7E+02     973.5   442.0   321.0
           4.6E+01    46.4    1.3E+03    1322.4   445.0   328.0
           5.4E+01    53.9    5.8E+02     576.3   435.0   328.0
           5.4E+01    53.9    1.6E+03    1586.5   432.0   321.0
           3.5E+01    35.3    2.9E+02     290.2   432.0   314.0
           4.8E+01    48.3    9.8E+02     979.2   433.0   309.0
           3.9E+01    39.0    4.6E+01      46.4   432.0   308.0
           3.9E+01    39.0    5.7E+02     574.7   433.0   304.0
           4.3E+01    43.3    5.9E+02     588.1   436.0   306.0
           3.2E+01    32.2    3.9E+02     394.1   434.0   302.0
           2.0E+01    19.8    2.9E+02     291.0   432.0   300.0
           2.2E+01    22.3    2.0E+02     197.5   434.0   300.0
           3.4E+01    34.1    6.8E+01      68.2   435.0   298.0
           3.7E+01    37.2    4.4E+02     438.2   438.0   303.0
           5.5E+01    55.1    2.0E+03    2022.8   449.0   323.0
           5.2E+01    52.0    9.0E+02     896.4   502.0   327.0
           4.7E+01    47.1    9.8E+02     983.8   496.0   323.0
           4.3E+01    42.7    8.5E+02     854.6   494.0   313.0
           5.1E+01    51.4    3.4E+02     340.8   498.0   309.0
           4.3E+01    43.3    8.6E+02     859.2   503.0   312.0
           3.1E+01    31.0    9.3E+02     925.9   505.0   313.0
           5.5E+01    55.1    4.9E+02     490.4   501.0   305.0
           3.3E+01    33.4    6.5E+02     651.8   504.0   302.0
           2.7E+01    27.2    1.7E+02     171.0   505.0   299.0
           4.3E+01    42.7    3.7E+02     371.5   506.0   304.0
           3.2E+01    31.6    4.2E+02     424.8   511.0   299.0
           3.3E+01    32.8    7.1E+02     708.9   510.0   303.0
           3.8E+01    38.4    1.1E+03    1059.3   513.0   301.0
           5.4E+01    54.5    1.6E+03    1590.4   513.0   304.0
           3.9E+01    39.0    6.2E+02     623.0   521.0   299.0
           4.1E+01    40.9    1.4E+03    1405.9   517.0   300.0
           3.3E+01    32.8    4.9E+02     490.0   515.0   300.0
           3.6E+01    35.9    7.6E+02     757.6   514.0   298.0
           4.9E+01    48.9    1.7E+03    1683.5   519.0   305.0
           6.2E+01    61.9    1.5E+02     153.4   523.0   301.0
           4.2E+01    42.1    1.4E+03    1371.4   523.0   307.0
           4.0E+01    40.2    1.9E+03    1857.6   521.0   315.0
           3.7E+01    37.2    5.8E+02     578.6   517.0   313.0
           4.6E+01    45.8    8.1E+02     811.3   516.0   311.0
           3.7E+01    37.2    1.1E+03    1095.8   525.0   314.0
           4.2E+01    42.1    1.3E+03    1312.0   520.0   321.0
           3.6E+01    35.9    4.1E+02     407.2   520.0   324.0
           3.3E+01    33.4    1.1E+03    1081.2   513.0   328.0
           3.6E+01    35.9    4.4E+02     441.3   511.0   322.0
           3.7E+01    37.2    2.0E+01      19.6   510.0   315.0
           4.3E+01    42.7    1.6E+03    1566.6   505.0   323.0
           4.0E+01    39.6    6.9E+02     690.9   507.0   323.0
           5.0E+01    50.2    1.5E+03    1510.6   518.0   328.0
           4.0E+01    40.2    1.1E+03    1071.2   522.0   326.0
           4.8E+01    47.7    5.3E+02     526.8   496.0   301.0
           5.0E+01    50.2    2.1E+02     213.6   500.0   301.0
           3.1E+01    31.0    6.9E+01      69.0   495.0   307.0
           3.5E+01    34.7    9.5E+02     952.4   496.0   319.0
           3.8E+01    38.4    3.3E+02     325.1   502.0   307.0
           5.6E+01    56.3    2.3E+03    2293.1   582.0   322.0
           4.1E+01    41.5    2.5E+03    2480.6   586.0   326.0
           2.7E+01    27.2    1.2E+03    1248.4   585.0   320.0
           4.8E+01    47.7    1.5E+03    1501.8   580.0   314.0
           4.6E+01    46.4    1.5E+03    1457.7   577.0   320.0
           3.8E+01    37.8    8.4E+02     843.9   574.0   322.0
           5.1E+01    50.8    2.5E+02     250.7   568.0   323.0
           4.5E+01    45.2    1.5E+03    1521.0   567.0   325.0
           3.8E+01    37.8    1.0E+03    1032.9   570.0   317.0
           3.3E+01    32.8    7.5E+02     754.5   571.0   310.0
           3.8E+01    38.4    7.0E+02     697.4   571.0   307.0
           5.0E+01    49.5    9.8E+02     979.2   579.0   305.0
           4.3E+01    43.3    1.7E+03    1672.0   581.0   308.0
           3.9E+01    39.0    8.3E+02     833.5   577.0   303.0
           4.3E+01    42.7    1.1E+03    1056.7   574.0   303.0
           3.0E+01    29.7    5.2E+02     517.2   575.0   301.0
           3.5E+01    34.7    5.6E+02     557.1   582.0   301.0
           4.2E+01    42.1    5.8E+02     584.3   571.0   299.0
           4.1E+01    40.9    7.4E+02     736.1   566.0   301.0
           3.0E+01    30.3    3.0E+02     298.3   563.0   299.0
           4.3E+01    42.7    6.2E+02     621.1   561.0   300.0
           3.8E+01    37.8    3.7E+02     374.2   557.0   302.0
           4.1E+01    40.9    5.4E+02     539.1   558.0   309.0
           4.6E+01    46.4    5.0E+02     501.1   560.0   315.0
           3.0E+01    30.3    3.9E+02     387.2   556.0   315.0
           3.8E+01    37.8    4.0E+02     396.8   556.0   319.0
           3.5E+01    35.3    5.6E+02     564.0   559.0   322.0
           4.1E+01    41.5    8.8E+02     876.1   560.0   326.0
           4.6E+01    45.8    9.2E+02     915.6   563.0   326.0
           5.2E+01    52.0    1.4E+03    1367.2   565.0   317.0
           3.7E+01    37.2    6.6E+02     661.8   563.0   309.0
           4.0E+01    39.6    6.0E+02     600.4   563.0   305.0
           4.5E+01    44.6    9.1E+02     905.6   574.0   314.0
           5.1E+01    50.8    3.4E+02     340.1   684.0   308.0
           3.8E+01    38.4    2.8E+02     276.0   680.0   304.0
           3.7E+01    36.5    1.0E+03     999.5   695.0   299.0
           5.3E+01    53.3    1.3E+03    1288.2   709.0   309.0
           3.8E+01    38.4    1.4E+03    1351.5   700.0   324.0
           3.8E+01    38.4    1.3E+03    1258.3   706.0   323.0
           4.6E+01    45.8    1.7E+03    1729.5   707.0   327.0
           3.9E+01    39.0    6.1E+02     605.4   699.0   326.0
           3.9E+01    39.0    5.7E+02     569.7   688.0   325.0
           3.3E+01    33.4    1.1E+03    1106.9   688.0   323.0
           2.4E+01    24.1    4.7E+02     472.0   686.0   320.0
           4.8E+01    48.3    8.9E+02     886.8   686.0   327.0
           4.5E+01    45.2    4.3E+02     430.9   681.0   327.0
           3.2E+01    31.6    5.8E+02     581.6   691.0   322.0
           4.0E+01    39.6    1.3E+03    1342.7   689.0   328.0
           3.3E+01    32.8    1.1E+03    1136.8   696.0   312.0
           4.5E+01    45.2    1.7E+03    1720.7   455.0   264.0
           5.5E+01    55.1    2.3E+03    2349.1   459.0   263.0
           4.5E+01    45.2    1.3E+03    1284.8   461.0   263.0
           5.4E+01    53.9    2.5E+03    2481.8   453.0   262.0
           5.0E+01    50.2    1.6E+03    1608.0   454.0   258.0
           2.6E+01    26.0    6.7E+02     672.5   455.0   253.0
           2.9E+01    29.1    9.4E+02     938.6   452.0   254.0
           1.9E+01    18.6    3.1E+02     309.0   449.0   257.0
           5.1E+01    50.8    1.6E+03    1574.6   448.0   264.0
           4.1E+01    40.9    1.4E+03    1405.2   444.0   265.0
           3.7E+01    37.2    2.8E+02     281.4   445.0   258.0
           4.1E+01    40.9    8.7E+01      86.6   440.0   261.0
           3.3E+01    33.4    8.9E+02     894.5   438.0   260.0
           4.9E+01    48.9    1.6E+03    1586.1   436.0   260.0
           4.8E+01    47.7    1.5E+03    1486.5   438.0   255.0
           3.8E+01    38.4    4.8E+02     475.8   442.0   257.0
           2.7E+01    26.6    4.1E+02     409.9   443.0   254.0
           3.8E+01    37.8    5.6E+02     561.3   434.0   253.0
           4.0E+01    39.6    7.6E+02     761.8   444.0   249.0
           3.6E+01    35.9    7.5E+02     747.6   449.0   250.0
           3.2E+01    31.6    5.5E+02     552.9   453.0   244.0
           3.5E+01    34.7    5.8E+02     581.6   456.0   243.0
           3.9E+01    39.0    8.2E+02     818.9   461.0   250.0
           4.1E+01    41.5    2.0E+03    2004.8   462.0   252.0
           3.7E+01    37.2    1.5E+03    1509.5   462.0   246.0
           4.3E+01    43.3    1.6E+03    1640.6   461.0   238.0
           3.2E+01    31.6    7.0E+02     703.9   458.0   239.0
           3.4E+01    34.1    9.9E+02     985.3   455.0   236.0
           2.1E+01    21.1    1.2E+02     121.9   451.0   236.0
           3.6E+01    35.9    6.1E+02     607.3   449.0   237.0
           4.5E+01    45.2    4.4E+02     439.0   454.0   240.0
           4.3E+01    43.3    1.2E+03    1162.1   452.0   242.0
           3.8E+01    37.8    1.1E+03    1061.6   450.0   247.0
           4.1E+01    40.9    7.8E+02     783.3   441.0   242.0
           3.4E+01    34.1    6.3E+02     627.2   439.0   241.0
           3.1E+01    31.0    3.9E+02     392.2   441.0   240.0
           2.4E+01    23.5    2.0E+02     199.4   442.0   236.0
           4.1E+01    40.9    5.9E+02     592.4   433.0   241.0
           5.1E+01    50.8    3.5E+02     348.5   433.0   239.0
           4.1E+01    41.5    3.7E+02     366.9   433.0   246.0
           4.4E+01    44.0    1.1E+03    1118.0   442.0   251.0
           5.0E+01    49.5    2.0E+03    1951.5   399.0   255.0
           6.0E+01    60.1    2.4E+03    2371.7   395.0   256.0
           4.3E+01    42.7    8.3E+02     825.1   392.0   255.0
           3.1E+01    31.0    3.8E+02     383.8   395.0   260.0
           4.5E+01    44.6    2.1E+03    2079.6   396.0   265.0
           3.3E+01    33.4    1.0E+03    1040.9   389.0   262.0
           3.3E+01    33.4    1.2E+03    1158.6   386.0   262.0
           4.6E+01    45.8    2.0E+02     204.0   380.0   261.0
           3.8E+01    37.8    9.5E+02     947.4   373.0   259.0
           4.5E+01    45.2    8.6E+02     858.4   375.0   267.0
           3.3E+01    33.4    8.1E+02     812.4   384.0   250.0
           2.8E+01    27.9    4.7E+02     465.1   391.0   248.0
           2.5E+01    24.8    4.7E+02     465.5   388.0   246.0
           3.3E+01    32.8    1.1E+03    1057.0   388.0   243.0
           3.6E+01    35.9    1.1E+03    1110.0   394.0   236.0
           4.9E+01    48.9    1.2E+03    1180.1   391.0   236.0
           5.5E+01    55.1    4.2E+02     422.5   373.0   241.0
           3.8E+01    37.8    5.6E+02     555.2   383.0   242.0
           3.7E+01    37.2    8.3E+02     833.5   319.0   249.0
           4.0E+01    40.2    1.2E+03    1210.8   321.0   251.0
           4.6E+01    46.4    1.5E+03    1491.4   319.0   256.0
           4.2E+01    42.1    1.4E+03    1410.5   322.0   258.0
           3.4E+01    34.1    1.2E+03    1186.2   323.0   261.0
           2.8E+01    28.5    1.3E+03    1331.6   328.0   264.0
           3.7E+01    36.5    1.6E+03    1607.2   329.0   262.0
           4.1E+01    40.9    1.9E+03    1905.9   328.0   259.0
           4.0E+01    40.2    1.3E+03    1270.2   335.0   255.0
           3.8E+01    38.4    1.4E+03    1395.6   333.0   248.0
           4.3E+01    42.7    1.9E+03    1865.3   336.0   251.0
           3.0E+01    30.3    9.7E+02     968.1   335.0   238.0
           4.3E+01    43.3    5.8E+02     576.6   330.0   240.0
           5.0E+01    50.2    6.3E+02     634.1   325.0   242.0
           4.6E+01    46.4    1.6E+02     164.9   314.0   237.0
           5.6E+01    55.7    1.0E+03    1007.6   315.0   263.0
           4.3E+01    43.3    7.8E+02     775.2   310.0   249.0
           2.8E+01    28.5    1.4E+03    1354.2   318.0   263.0
           2.8E+01    28.5    6.1E+02     608.8   321.0   260.0
           4.2E+01    42.1    1.6E+03    1647.9   330.0   265.0
           4.1E+01    41.5    1.9E+03    1865.3   334.0   264.0
           5.4E+01    53.9    3.0E+03    3024.3   335.0   261.0
           2.9E+01    29.1    1.2E+03    1186.2   336.0   263.0
           2.8E+01    28.5    1.5E+03    1488.8   337.0   258.0
           3.7E+01    36.5    7.5E+02     746.1   324.0   251.0

     Mean   39    39.4      906     905.7   435   303

     Cell Type Fluoroscein  (382)

            Perimeter           Area         C of G

           3.9E+01    39.0    9.9E+02     988.0   385.0   740.0
           5.2E+01    52.0    2.1E+03    2074.6   451.0   755.0
           2.8E+01    28.5    5.1E+02     506.1   443.0   726.0
           5.0E+01    49.5    9.3E+02     928.6   448.0   740.0
           6.7E+01    67.5    2.9E+03    2934.2   513.0   753.0
           6.3E+01    62.5    9.0E+02     898.3   512.0   725.0
           3.8E+01    37.8    1.0E+03    1029.1   580.0   733.0
           4.0E+01    39.6    1.3E+03    1341.9   580.0   739.0
           3.4E+01    34.1    1.3E+03    1338.8   581.0   727.0
           4.6E+01    46.4    4.3E+02     434.4   555.0   731.0
           3.2E+01    31.6    3.0E+02     303.3   559.0   740.0
           4.6E+01    45.8    5.7E+02     571.3   555.0   749.0
           4.8E+01    47.7    4.6E+02     455.5   374.0   693.0
           4.0E+01    39.6    1.4E+03    1413.2   394.0   694.0
           4.6E+01    45.8    1.6E+03    1554.7   449.0   680.0
           2.8E+01    27.9    1.1E+03    1104.6   458.0   676.0
           2.7E+01    26.6    7.1E+02     709.3   512.0   670.0
           3.0E+01    30.3    8.3E+01      83.2   496.0   688.0
           2.8E+01    27.9    5.4E+02     538.7   500.0   687.0
           3.7E+01    37.2    1.7E+03    1652.1   514.0   693.0
           4.1E+01    40.9    7.1E+02     705.8   564.0   673.0
           4.0E+01    40.2    1.1E+03    1057.8   630.0   664.0
           5.1E+01    51.4    1.7E+03    1724.2   704.0   682.0
           3.5E+01    35.3    1.0E+03    1040.9   702.0   676.0
           2.4E+01    23.5    9.7E+02     974.2   706.0   679.0
           4.8E+01    48.3    1.4E+03    1356.1   686.0   689.0
           4.0E+01    40.2    5.9E+02     593.1   704.0   626.0
           4.8E+01    48.3    2.0E+03    2014.0   698.0   628.0
           4.3E+01    42.7    1.2E+03    1218.1   695.0   616.0
           3.0E+01    30.3    1.1E+03    1114.2   701.0   614.0
           3.6E+01    35.9    2.6E+02     259.6   690.0   623.0
           4.1E+01    41.5    8.3E+02     830.1   685.0   618.0
           3.4E+01    34.1    3.0E+02     300.6   681.0   613.0
           4.1E+01    41.5    5.7E+02     567.1   681.0   616.0
           4.3E+01    42.7    7.3E+02     728.5   677.0   615.0
           2.7E+01    27.2    9.5E+02     948.9   695.0   604.0
           3.0E+01    30.3    1.0E+03    1011.0   704.0   602.0
           2.7E+01    26.6    6.1E+02     608.5   688.0   602.0
           3.5E+01    35.3    7.1E+02     713.1   627.0   605.0
           4.5E+01    44.6    3.8E+02     381.5   623.0   601.0
           4.1E+01    41.5    1.6E+02     156.8   555.0   626.0
           4.1E+01    41.5    8.0E+02     796.3   499.0   621.0
           3.9E+01    39.0    1.8E+03    1808.1   509.0   624.0
           2.8E+01    28.5    7.2E+02     722.3   511.0   603.0
           4.4E+01    44.0    1.2E+03    1166.3   492.0   629.0
           3.2E+01    31.6    8.0E+02     799.4   439.0   617.0
           4.7E+01    47.1    9.0E+02     904.4   436.0   623.0
           2.9E+01    29.1    4.0E+02     404.1   431.0   610.0
           4.9E+01    48.9    7.4E+02     735.4   371.0   625.0
           3.7E+01    37.2    8.1E+02     814.7   372.0   614.0
           3.3E+01    32.8    5.3E+02     534.1   374.0   605.0
           4.1E+01    40.9    5.3E+02     525.3   369.0   603.0
           3.7E+01    36.5    4.1E+02     411.4   378.0   602.0
           3.3E+01    33.4    1.1E+03    1064.7   520.0   558.0
           3.1E+01    31.0    1.2E+03    1218.8   517.0   541.0
           4.3E+01    42.7    1.1E+03    1142.5   506.0   543.0
           4.1E+01    40.9    1.3E+03    1344.6   577.0   564.0
           4.4E+01    44.0    1.1E+03    1083.9   573.0   543.0
           3.5E+01    35.3    1.1E+03    1089.6   578.0   546.0
           3.5E+01    35.3    5.8E+02     584.3   565.0   547.0
           2.3E+01    22.9    4.1E+02     411.0   558.0   540.0
           2.7E+01    26.6    2.0E+02     202.1   553.0   554.0
           3.8E+01    38.4    1.5E+03    1471.5   640.0   563.0
           4.8E+01    48.3    2.0E+03    1951.5   633.0   564.0
           7.8E+01    78.0    8.0E+02     795.9   618.0   550.0
           3.3E+01    32.8    6.9E+02     688.6   638.0   540.0
           3.5E+01    35.3    1.1E+03    1053.2   699.0   561.0
           2.7E+01    27.2    5.3E+02     533.7   698.0   558.0
           3.0E+01    29.7    2.9E+01      29.1   694.0   560.0
           3.2E+01    31.6    9.2E+00       9.2   691.0   558.0
           4.1E+01    40.9    6.0E+02     599.3   689.0   562.0
           3.4E+01    34.1    7.4E+02     739.2   695.0   565.0
           2.6E+01    26.0    1.0E+03    1034.0   702.0   567.0
           3.4E+01    34.1    1.3E+03    1346.1   706.0   555.0
           3.2E+01    32.2    1.3E+03    1273.7   708.0   556.0
           4.8E+01    48.3    2.1E+03    2076.9   704.0   552.0
           3.4E+01    34.1    1.0E+03    1014.1   704.0   545.0
           3.0E+01    30.3    7.0E+02     704.7   695.0   547.0
           4.6E+01    46.4    1.4E+03    1423.6   694.0   549.0
           3.0E+01    30.3    6.8E+01      67.9   691.0   547.0
           4.5E+01    45.2    1.1E+02     111.6   688.0   549.0
           2.9E+01    29.1    9.2E+02     919.0   687.0   548.0
           4.1E+01    40.9    3.0E+02     299.1   683.0   548.0
           3.7E+01    37.2    5.7E+02     569.7   679.0   549.0
           3.9E+01    39.0    9.2E+02     922.5   689.0   542.0
           3.9E+01    39.0    7.3E+02     733.1   695.0   539.0
           4.2E+01    42.1    7.8E+02     779.1   686.0   542.0
           3.7E+01    36.5    1.5E+03    1465.4   701.0   500.0
           3.9E+01    39.0    1.3E+03    1304.7   707.0   502.0
           3.8E+01    37.8    9.2E+02     919.0   699.0   498.0
           3.8E+01    38.4    1.2E+03    1172.4   695.0   490.0
           4.0E+01    40.2    5.6E+02     564.0   693.0   480.0
           3.1E+01    31.0    1.3E+03    1299.0   699.0   490.0
           2.6E+01    26.0    9.8E+02     978.8   701.0   477.0
           2.4E+01    24.1    4.9E+02     494.2   689.0   479.0
           6.8E+01    68.1    1.1E+03    1096.5   681.0   484.0
           3.2E+01    32.2    8.1E+02     807.8   681.0   494.0
           4.8E+01    48.3    1.7E+03    1698.1   683.0   503.0
           3.5E+01    34.7    9.8E+02     981.9   690.0   504.0
           3.5E+01    34.7    8.6E+02     860.0   697.0   506.0
           4.1E+01    41.5    5.2E+02     523.0   695.0   500.0
           3.4E+01    34.1    7.1E+02     708.5   688.0   490.0
           5.0E+01    49.5    1.3E+03    1275.6   642.0   500.0
           2.9E+01    29.1    4.0E+02     404.1   639.0   502.0
           4.4E+01    44.0    1.8E+03    1757.9   627.0   500.0
           2.5E+01    24.8    1.6E+02     164.5   633.0   498.0
           2.7E+01    26.6    1.6E+01      15.7   640.0   489.0
           3.7E+01    36.5    1.0E+03    1038.6   637.0   482.0
           3.7E+01    36.5    9.5E+02     950.1   631.0   485.0
           4.6E+01    45.8    8.8E+02     877.6   619.0   486.0
           3.6E+01    35.9    6.8E+02     675.2   616.0   491.0
           3.1E+01    31.0    4.2E+02     422.5   619.0   493.0
           3.2E+01    31.6    4.1E+02     411.4   621.0   496.0
           3.2E+01    32.2    6.5E+02     646.0   629.0   480.0
           3.5E+01    35.3    8.0E+02     798.6   580.0   496.0
           4.9E+01    48.9    1.1E+03    1125.7   566.0   501.0
           3.3E+01    32.8    3.1E+00       3.1   560.0   480.0
           3.0E+01    30.3    2.4E+02     236.2   557.0   487.0
           3.8E+01    37.8    3.8E+02     377.7   553.0   497.0
           5.5E+01    55.1    8.6E+02     860.4   572.0   478.0
           3.9E+01    39.0    1.5E+03    1546.6   581.0   490.0
           3.0E+01    30.3    4.7E+02     466.6   442.0   502.0
           3.7E+01    36.5    9.0E+02     896.0   442.0   506.0
           3.5E+01    34.7    6.5E+02     645.6   444.0   499.0
           3.7E+01    37.2    9.4E+02     939.3   440.0   497.0
           2.4E+01    24.1    5.1E+02     512.6   438.0   495.0
           4.3E+01    42.7    4.0E+02     399.1   431.0   497.0
           3.5E+01    35.3    1.8E+01      17.6   431.0   494.0
           3.8E+01    38.4    5.3E+02     532.5   430.0   492.0
           3.7E+01    37.2    3.2E+02     320.5   432.0   490.0
           3.6E+01    35.9    1.0E+03    1032.5   437.0   492.0
           4.1E+01    40.9    1.0E+03     999.1   440.0   487.0
           4.1E+01    40.9    7.7E+02     769.9   439.0   479.0
           4.4E+01    44.0    2.0E+02     201.3   431.0   480.0
           2.8E+01    28.5    5.6E+02     560.2   456.0   484.0
           3.3E+01    32.8    1.0E+03    1001.1   452.0   489.0
           2.5E+01    24.8    8.7E+02     865.3   458.0   496.0
           4.3E+01    42.7    9.7E+02     970.0   451.0   416.0
           3.2E+01    32.2    6.3E+02     628.4   454.0   418.0
           3.1E+01    31.0    9.7E+02     973.1   448.0   430.0
           3.4E+01    34.1    4.0E+02     399.5   435.0   436.0
           4.1E+01    41.5    1.0E+03    1013.7   430.0   442.0
           5.4E+01    53.9    2.5E+03    2515.5   435.0   442.0
           3.6E+01    35.9    5.8E+02     575.5   445.0   445.0
           3.2E+01    32.2    7.2E+02     722.7   451.0   445.0
           2.9E+01    29.1    3.8E+02     378.8   375.0   433.0
           2.7E+01    26.6    5.9E+02     594.3   380.0   437.0
           4.1E+01    40.9    1.3E+03    1276.0   377.0   442.0
           3.8E+01    37.8    3.9E+02     385.7   383.0   418.0
           3.5E+01    34.7    7.5E+02     745.3   509.0   438.0
           2.0E+01    20.4    2.7E+02     273.4   506.0   438.0
           3.5E+01    34.7    1.1E+03    1091.5   501.0   440.0
           4.0E+01    39.6    1.1E+02     112.3   494.0   442.0
           3.6E+01    35.9    6.7E+02     672.5   497.0   436.0
           2.8E+01    28.5    4.4E+02     443.6   499.0   429.0
           3.7E+01    37.2    6.2E+02     616.5   494.0   430.0
           4.0E+01    40.2    1.6E+03    1555.5   519.0   452.0
           3.3E+01    32.8    8.6E+02     861.9   511.0   440.0
           4.1E+01    41.5    7.9E+02     790.2   515.0   422.0
           2.9E+01    29.1    6.0E+02     601.9   509.0   422.0
           1.9E+01    18.6    1.5E+02     148.4   499.0   432.0
           3.4E+01    34.1    6.6E+02     664.8   507.0   445.0
           2.5E+01    25.4    4.2E+02     421.4   574.0   450.0
           3.8E+01    38.4    1.2E+03    1219.6   577.0   442.0
           3.2E+01    31.6    7.0E+02     701.2   584.0   443.0
           2.4E+01    23.5    5.1E+02     508.4   580.0   446.0
           4.5E+01    45.2    1.3E+03    1253.7   577.0   425.0
           3.3E+01    33.4    1.7E+03    1746.0   584.0   431.0
           2.6E+01    26.0    1.3E+03    1290.9   586.0   424.0
           2.7E+01    26.6    4.0E+02     400.7   569.0   428.0
           3.6E+01    35.9    6.9E+02     690.1   562.0   436.0
           3.2E+01    31.6    7.2E+02     720.0   561.0   432.0
           3.2E+01    32.2    2.8E+02     280.7   557.0   427.0
           3.0E+01    30.3    8.9E+02     892.6   636.0   435.0
           3.2E+01    31.6    1.1E+03    1086.6   635.0   434.0
           4.2E+01    42.1    1.4E+03    1438.5   641.0   432.0
           5.5E+01    55.1    1.0E+03    1022.2   640.0   428.0
           4.5E+01    45.2    9.0E+02     902.5   622.0   425.0
           4.0E+01    39.6    2.0E+02     204.7   622.0   422.0
           4.0E+01    40.2    3.8E+02     378.8   618.0   436.0
           3.2E+01    32.2    4.8E+01      47.5   628.0   435.0
           5.1E+01    51.4    6.1E+02     605.0   626.0   439.0
           3.2E+01    31.6    5.2E+02     519.9   626.0   450.0
           4.5E+01    45.2    3.4E+02     337.8   619.0   448.0
           4.6E+01    45.8    2.8E+02     283.3   619.0   452.0
           3.8E+01    37.8    1.2E+03    1222.3   633.0   449.0
           3.7E+01    36.5    5.6E+02     562.5   620.0   430.0
           5.7E+01    57.0    2.1E+03    2121.0   642.0   437.0
           2.8E+01    27.9    4.0E+02     401.0   621.0   436.0
           2.3E+01    22.9    1.0E+03    1041.7   707.0   451.0
           3.4E+01    34.1    1.7E+03    1711.9   708.0   453.0
           2.7E+01    26.6    4.3E+02     429.0   703.0   449.0
           3.2E+01    32.2    1.3E+03    1280.2   700.0   448.0
           3.5E+01    35.3    6.6E+02     657.5   695.0   445.0
           3.2E+01    31.6    1.7E+02     172.5   691.0   447.0
           4.0E+01    40.2    1.3E+03    1311.2   688.0   452.0
           3.0E+01    30.3    3.9E+02     393.8   684.0   447.0
           3.3E+01    32.8    8.0E+02     797.5   689.0   434.0
           3.8E+01    38.4    7.1E+02     707.0   691.0   437.0
           3.8E+01    38.4    1.1E+03    1068.2   700.0   438.0
           4.2E+01    42.1    1.2E+03    1162.9   695.0   442.0
           4.1E+01    40.9    1.8E+03    1816.2   708.0   443.0
           2.9E+01    29.1    1.4E+03    1399.4   704.0   434.0
           2.6E+01    26.0    8.7E+02     865.7   707.0   429.0
           3.3E+01    33.4    1.5E+03    1477.6   707.0   434.0
           3.3E+01    32.8    1.3E+03    1340.0   704.0   430.0
           3.2E+01    32.2    9.1E+02     907.5   698.0   428.0
           2.6E+01    26.0    6.7E+02     669.8   700.0   424.0
           3.2E+01    31.6    4.5E+02     452.0   707.0   422.0
           2.4E+01    24.1    8.3E+02     827.8   696.0   423.0
           4.1E+01    41.5    4.3E+02     426.7   691.0   422.0
           3.8E+01    38.4    5.5E+02     550.9   686.0   428.0
           3.9E+01    39.0    6.6E+02     661.8   687.0   430.0
           4.5E+01    44.6    1.8E+03    1798.2   762.0   450.0
           3.6E+01    35.9    1.0E+03    1003.4   763.0   444.0
           3.2E+01    32.2    9.7E+02     970.0   759.0   446.0
           3.3E+01    32.8    7.1E+02     712.4   757.0   447.0
           5.1E+01    50.8    1.2E+03    1171.3   753.0   452.0
           3.2E+01    31.6    3.4E+02     340.1   751.0   451.0
           4.5E+01    44.6    1.7E+03    1686.6   749.0   449.0
           4.3E+01    43.3    4.6E+02     455.9   743.0   443.0
           4.4E+01    44.0    1.2E+03    1187.0   743.0   439.0
           4.8E+01    48.3    1.3E+03    1256.0   751.0   438.0
           5.1E+01    50.8    1.3E+03    1276.3   754.0   443.0
           4.1E+01    41.5    1.2E+03    1184.3   754.0   432.0
           4.5E+01    45.2    7.4E+02     738.0   756.0   428.0
           3.3E+01    33.4    6.9E+02     692.8   749.0   430.0
           3.5E+01    34.7    6.7E+02     670.6   749.0   426.0
           5.3E+01    52.6    1.0E+03    1031.4   745.0   429.0
           3.0E+01    29.7    4.0E+02     395.3   746.0   423.0
           5.0E+01    49.5    1.5E+03    1490.3   763.0   434.0
           3.7E+01    36.5    3.7E+02     368.4   772.0   430.0
           4.4E+01    44.0    1.9E+03    1886.7   770.0   433.0
           4.3E+01    42.7    1.2E+03    1223.1   767.0   427.0
           3.2E+01    31.6    7.4E+02     744.6   767.0   424.0
           4.1E+01    41.5    4.8E+02     475.4   762.0   423.0
           2.4E+01    24.1    9.6E+02     964.3   771.0   428.0
           3.8E+01    37.8    1.1E+03    1079.3   743.0   390.0
           4.3E+01    42.7    1.5E+03    1488.4   748.0   388.0
           3.7E+01    36.5    1.2E+03    1238.0   751.0   386.0
           3.7E+01    36.5    7.8E+02     782.9   747.0   381.0
           2.9E+01    29.1    5.3E+02     527.2   750.0   378.0
           3.7E+01    37.2    7.9E+02     790.2   754.0   383.0
           4.0E+01    39.6    1.1E+03    1080.0   756.0   387.0
           3.2E+01    31.6    1.5E+03    1489.5   770.0   389.0
           4.0E+01    39.6    1.5E+03    1469.6   771.0   383.0
           3.2E+01    31.6    1.2E+03    1235.7   769.0   378.0
           3.2E+01    31.6    1.4E+03    1365.7   768.0   373.0
           3.7E+01    36.5    1.7E+03    1710.4   770.0   371.0
           4.9E+01    48.9    2.0E+03    1956.5   766.0   366.0
           3.0E+01    30.3    3.8E+02     378.0   764.0   363.0
           4.5E+01    45.2    1.6E+03    1640.2   761.0   374.0
           4.1E+01    41.5    5.8E+02     580.9   758.0   373.0
           4.6E+01    46.4    4.1E+02     413.3   747.0   367.0
           3.9E+01    39.0    4.3E+02     434.0   748.0   371.0
           4.0E+01    40.2    7.4E+02     738.0   742.0   378.0
           3.4E+01    34.1    1.3E+03    1261.4   763.0   383.0
           4.1E+01    40.9    1.4E+03    1385.6   693.0   387.0
           4.8E+01    48.3    2.1E+03    2134.4   693.0   384.0
           3.8E+01    37.8    8.7E+02     871.5   694.0   382.0
           3.5E+01    34.7    7.8E+02     776.0   684.0   380.0
           3.7E+01    36.5    7.2E+02     716.6   685.0   383.0
           4.2E+01    42.1    7.8E+02     779.8   684.0   375.0
           5.9E+01    59.4    5.3E+02     532.2   690.0   374.0
           4.4E+01    44.0    1.2E+03    1154.0   698.0   374.0
           4.2E+01    42.1    1.4E+03    1364.1   703.0   369.0
           4.5E+01    44.6    1.8E+03    1842.2   706.0   371.0
           2.8E+01    28.5    6.2E+02     615.7   705.0   361.0
           2.7E+01    26.6    6.6E+02     663.7   710.0   366.0
           3.5E+01    35.3    1.7E+03    1658.2   704.0   387.0
           3.1E+01    31.0    1.0E+03    1043.2   704.0   379.0
           2.5E+01    24.8    7.8E+02     781.0   708.0   389.0
           3.2E+01    31.6    1.1E+03    1082.0   632.0   390.0
           3.7E+01    37.2    1.1E+03    1134.1   635.0   386.0
           3.6E+01    35.9    1.9E+03    1886.0   643.0   387.0
           5.1E+01    51.4    7.5E+02     746.5   647.0   381.0
           2.6E+01    26.0    9.9E+02     989.9   647.0   375.0
           2.7E+01    26.6    9.4E+02     936.3   647.0   364.0
           3.5E+01    35.3    4.4E+02     437.5   632.0   368.0
           2.3E+01    22.9    8.6E+01      86.3   622.0   367.0
           3.1E+01    31.0    7.9E+01      79.4   618.0   376.0
           4.1E+01    40.9    1.2E+03    1178.2   570.0   390.0
           3.0E+01    30.3    1.0E+03    1029.8   583.0   387.0
           4.4E+01    44.0    1.2E+03    1210.4   581.0   365.0
           3.8E+01    37.8    1.5E+03    1509.1   577.0   374.0
           3.5E+01    35.3    4.9E+02     491.9   571.0   368.0
           4.2E+01    42.1    6.5E+02     654.9   564.0   370.0
           2.5E+01    25.4    1.5E+02     149.1   563.0   376.0
           4.0E+01    39.6    6.2E+02     616.5   560.0   370.0
           3.5E+01    34.7    1.2E+03    1179.3   520.0   370.0
           3.2E+01    32.2    9.4E+02     941.3   521.0   366.0
           3.2E+01    32.2    4.2E+02     416.4   514.0   365.0
           2.7E+01    27.2    7.9E+01      78.6   514.0   369.0
           3.7E+01    36.5    7.1E+02     710.8   515.0   374.0
           2.2E+01    21.7    1.1E+03    1080.0   516.0   388.0
           3.4E+01    34.1    5.3E+02     532.9   498.0   385.0
           3.4E+01    34.1    1.1E+03    1128.4   496.0   387.0
           3.8E+01    38.4    5.7E+02     565.5   498.0   370.0
           3.5E+01    34.7    3.5E+02     347.0   502.0   368.0
           3.3E+01    32.8    2.3E+02     233.5   495.0   368.0
           2.5E+01    25.4    4.2E+02     421.0   497.0   365.0
           3.8E+01    37.8    5.6E+02     560.5   504.0   363.0
           2.5E+01    25.4    7.9E+02     790.2   506.0   388.0
           5.4E+01    53.9    1.1E+03    1091.5   450.0   369.0
           4.1E+01    40.9    5.8E+02     576.3   439.0   372.0
           3.3E+01    33.4    4.5E+02     452.4   444.0   368.0
           4.2E+01    42.1    1.5E+03    1486.8   450.0   390.0
           3.2E+01    32.2    1.0E+03    1044.0   449.0   380.0
           3.7E+01    37.2    8.9E+02     891.0   442.0   374.0
           2.8E+01    28.5    4.4E+02     436.7   434.0   386.0
           3.2E+01    32.2    9.4E+02     942.8   441.0   388.0
           5.0E+01    49.5    1.8E+03    1816.2   388.0   371.0
           5.5E+01    55.1    1.3E+03    1266.4   387.0   365.0
           4.2E+01    42.1    1.3E+03    1338.5   396.0   364.0
           3.1E+01    31.0    8.8E+02     882.6   395.0   374.0
           4.3E+01    43.3    6.8E+02     682.1   383.0   376.0
           2.8E+01    28.5    4.4E+02     443.6   381.0   384.0
           4.5E+01    45.2    1.3E+03    1265.2   372.0   388.0
           5.5E+01    55.1    6.1E+02     615.0   371.0   371.0
           3.1E+01    31.0    1.7E+03    1727.6   396.0   389.0
           5.3E+01    53.3    1.6E+03    1585.8   316.0   324.0
           3.2E+01    31.6    1.1E+03    1096.5   331.0   327.0
           4.4E+01    44.0    1.8E+03    1802.4   329.0   328.0
           3.5E+01    34.7    7.0E+02     699.7   320.0   313.0
           2.9E+01    29.1    8.1E+02     812.0   318.0   314.0
           4.8E+01    48.3    9.3E+02     927.1   323.0   302.0
           3.2E+01    31.6    7.8E+02     778.7   337.0   306.0
           4.0E+01    39.6    1.7E+03    1673.6   332.0   317.0
           2.9E+01    29.1    5.4E+02     536.4   312.0   307.0
           3.5E+01    34.7    3.7E+02     366.9   310.0   298.0
           3.3E+01    33.4    2.8E+01      27.6   312.0   321.0
           4.6E+01    46.4    2.2E+03    2228.7   389.0   327.0
           4.3E+01    42.7    2.0E+03    2046.6   398.0   309.0
           4.8E+01    47.7    7.2E+01      72.1   375.0   301.0
           5.7E+01    57.0    1.6E+03    1557.4   381.0   324.0
           2.9E+01    29.1    8.6E+02     861.9   385.0   327.0
           2.9E+01    29.1    7.0E+02     696.3   380.0   313.0
           4.0E+01    39.6    1.9E+02     194.0   379.0   309.0
           2.9E+01    29.1    5.1E+02     505.3   370.0   314.0
           4.8E+01    47.7    4.2E+02     418.3   435.0   300.0
           2.7E+01    27.2    5.7E+02     570.9   452.0   323.0
           3.1E+01    31.0    2.1E+02     210.9   449.0   327.0
           4.7E+01    47.1    2.1E+03    2114.8   461.0   320.0
           6.1E+01    61.3    3.3E+02     331.3   516.0   320.0
           4.6E+01    45.8    2.3E+03    2334.9   518.0   324.0
           4.8E+01    47.7    1.3E+03    1269.8   508.0   309.0
           4.7E+01    47.1    1.5E+03    1540.1   512.0   304.0
           4.0E+01    39.6    1.3E+03    1253.3   522.0   304.0
           3.5E+01    35.3    2.0E+02     197.8   508.0   300.0
           5.8E+01    57.6    2.6E+03    2614.8   505.0   326.0
           4.6E+01    45.8    9.5E+02     950.5   497.0   312.0
           4.1E+01    41.5    1.3E+03    1257.2   581.0   322.0
           3.7E+01    36.5    8.3E+02     830.4   570.0   317.0
           3.1E+01    31.0    6.7E+02     669.8   568.0   320.0
           3.4E+01    34.1    8.0E+02     801.7   573.0   312.0
           3.5E+01    34.7    8.5E+02     850.8   567.0   306.0
           3.8E+01    37.8    6.0E+02     600.0   563.0   300.0
           4.8E+01    47.7    7.2E+02     723.5   573.0   328.0
           3.4E+01    34.1    9.8E+02     981.5   582.0   301.0
           2.8E+01    28.5    7.7E+02     765.7   699.0   305.0
           3.8E+01    38.4    1.3E+03    1305.1   692.0   320.0
           3.6E+01    35.9    1.8E+03    1801.6   705.0   318.0
           4.6E+01    46.4    1.5E+03    1450.4   699.0   328.0
           4.8E+01    47.7    9.9E+02     992.2   682.0   327.0
           3.3E+01    32.8    6.2E+02     618.4   685.0   308.0
           4.0E+01    40.2    6.8E+02     682.5   685.0   306.0
           4.5E+01    45.2    2.0E+03    1970.3   458.0   255.0
           3.0E+01    30.3    7.8E+02     779.8   435.0   255.0
           4.0E+01    40.2    1.4E+03    1432.4   435.0   254.0
           4.8E+01    47.7    1.6E+03    1578.1   460.0   243.0
           3.1E+01    31.0    5.2E+02     520.7   454.0   242.0
           4.0E+01    39.6    5.3E+02     525.6   443.0   237.0
           4.9E+01    48.9    1.5E+03    1525.6   450.0   253.0
           3.8E+01    37.8    7.8E+02     777.5   378.0   263.0
           4.1E+01    41.5    1.3E+03    1290.5   373.0   260.0
           4.6E+01    45.8    8.8E+02     883.4   378.0   240.0
           3.8E+01    38.4    5.3E+02     531.8   321.0   248.0
           3.8E+01    37.8    8.2E+02     821.2   319.0   252.0
           5.4E+01    54.5    2.8E+03    2795.8   328.0   261.0
           4.8E+01    47.7    2.2E+03    2191.9   338.0   255.0
           4.0E+01    39.6    1.7E+03    1651.7   325.0   257.0
           4.0E+01    40.2    6.0E+02     603.5   317.0   262.0

     Mean   38    37.6      910     909.5   579   449
