Stucture reference data file DLN.DAT - 
Written at 13/11/2009 on 15:43

 Cell types 2

     Cell Type Outline  (5)

           1.2E+04   11695.7    9.1E+06   9065059.9   187.0   360.0
           4.9E+02   492.8    1.4E+04   13547.6   187.0   177.0
           9.8E+03   9804.3    3.5E+06   3484929.6   299.0    22.0
           6.6E+03   6565.2    1.8E+06   1757193.9   -48.0    11.0
           3.5E+03   3500.0    4.5E+05   447017.4   -124.0   283.0

     Mean 6412   6411.6   2953550   2953549.7   100   171

     Cell Type Rhodamine  (381)

           3.3E+01    32.8    4.4E+02     443.9   259.0   282.0
           4.1E+01    41.0    1.2E+03    1187.3   259.0   278.0
           2.8E+01    27.6    3.0E+02     300.7   259.0   268.0
           1.9E+01    18.7    3.7E+02     370.3   260.0   266.0
           3.8E+01    38.1    5.5E+02     552.5   263.0   265.0
           4.2E+01    41.8    1.4E+03    1394.5   269.0   273.0
           3.6E+01    35.8    5.5E+02     545.8   271.0   277.0
           5.7E+01    57.5    6.1E+02     607.0   262.0   273.0
           2.8E+01    28.4    5.5E+02     552.5   273.0   270.0
           4.9E+01    48.5    6.8E+02     683.3   277.0   273.0
           3.5E+01    35.1    1.4E+03    1449.7   254.0   287.0
           2.8E+01    27.6    4.6E+02     457.2   249.0   289.0
           2.5E+01    25.4    5.0E+02     499.0   249.0   285.0
           4.4E+01    44.0    2.1E+03    2131.9   245.0   288.0
           4.5E+01    44.8    8.2E+02     824.8   247.0   290.0
           3.4E+01    33.6    5.3E+02     525.2   239.0   292.0
           4.4E+01    44.0    5.1E+02     510.7   231.0   289.0
           4.1E+01    41.0    2.3E+02     230.0   232.0   292.0
           4.1E+01    41.0    7.0E+02     696.7   232.0   285.0
           3.4E+01    33.6    4.6E+02     456.7   231.0   278.0
           3.4E+01    34.3    7.6E+02     760.7   233.0   275.0
           4.0E+01    40.3    7.5E+02     754.6   234.0   272.0
           5.1E+01    51.5    6.8E+02     680.6   235.0   266.0
           4.0E+01    40.3    4.0E+02     396.0   241.0   270.0
           5.1E+01    51.5    1.5E+03    1481.4   241.0   279.0
           7.8E+01    77.6    1.7E+03    1691.9   245.0   276.0
           2.8E+01    27.6    9.8E+01      98.0   249.0   270.0
           3.8E+01    38.1    6.1E+02     605.4   250.0   268.0
           3.7E+01    36.6    8.1E+02     807.5   253.0   266.0
           4.1E+01    41.0    5.2E+02     524.6   253.0   267.0
           3.7E+01    36.6    1.6E+02     163.2   249.0   281.0
           3.1E+01    30.6    3.8E+02     383.2   240.0   287.0
           4.2E+01    41.8    1.7E+03    1713.1   243.0   291.0
           4.6E+01    46.3    3.1E+03    3124.9   252.0   291.0
           3.1E+01    31.3    5.1E+02     510.1   232.0   267.0
           2.6E+01    26.1    1.7E+03    1701.9   227.0   286.0
           3.9E+01    38.8    8.3E+02     825.4   223.0   288.0
           4.5E+01    44.8    1.2E+02     124.7   220.0   289.0
           4.0E+01    40.3    1.5E+03    1502.6   216.0   289.0
           4.0E+01    39.6    5.6E+02     560.3   217.0   286.0
           4.6E+01    46.3    1.9E+03    1907.4   216.0   286.0
           3.7E+01    36.6    1.3E+03    1337.2   215.0   285.0
           3.1E+01    31.3    1.1E+03    1109.4   219.0   282.0
           3.3E+01    32.8    4.6E+02     456.1   220.0   284.0
           3.4E+01    33.6    2.3E+03    2325.7   228.0   284.0
           3.5E+01    35.1    1.7E+03    1705.3   228.0   282.0
           4.9E+01    48.5    1.6E+03    1647.9   223.0   279.0
           5.1E+01    50.7    1.3E+03    1323.2   220.0   279.0
           4.0E+01    40.3    8.4E+00       8.4   216.0   280.0
           2.8E+01    28.4    5.3E+02     526.3   213.0   289.0
           5.0E+01    50.0    8.9E+02     886.1   213.0   286.0
           5.3E+01    53.0    1.9E+03    1938.6   209.0   292.0
           3.1E+01    31.3    3.7E+02     369.2   209.0   290.0
           3.0E+01    29.9    7.7E+02     765.2   206.0   292.0
           4.4E+01    44.0    9.9E+02     985.2   205.0   290.0
           4.0E+01    39.6    7.6E+01      76.3   207.0   289.0
           2.8E+01    28.4    4.1E+02     405.4   203.0   289.0
           4.6E+01    46.3    2.9E+02     290.7   204.0   286.0
           3.0E+01    29.9    3.6E+02     362.6   206.0   283.0
           3.4E+01    34.3    1.4E+03    1366.7   204.0   284.0
           3.4E+01    34.3    1.1E+01      11.1   208.0   286.0
           4.5E+01    44.8    1.1E+03    1068.2   208.0   284.0
           3.1E+01    30.6    9.3E+02     934.5   212.0   283.0
           3.2E+01    32.1    3.7E+02     374.8   211.0   281.0
           2.2E+01    22.4    3.0E+02     301.3   208.0   281.0
           2.9E+01    29.1    7.7E+02     767.4   207.0   280.0
           5.9E+01    59.0    1.8E+03    1804.4   204.0   280.0
           4.0E+01    39.6    6.9E+02     692.2   204.0   278.0
           3.8E+01    38.1    8.9E+02     890.0   204.0   274.0
           3.3E+01    32.8    3.8E+02     381.5   207.0   275.0
           3.5E+01    35.1    1.1E+01      10.6   210.0   277.0
           2.6E+01    26.1    5.5E+02     550.2   211.0   277.0
           3.5E+01    35.1    7.6E+02     760.2   212.0   275.0
           3.4E+01    34.3    9.5E+02     947.3   210.0   275.0
           3.0E+01    29.9    8.2E+02     818.7   210.0   271.0
           2.2E+01    21.6    4.4E+02     440.5   212.0   271.0
           3.1E+01    30.6    5.6E+02     556.9   212.0   269.0
           3.1E+01    31.3    1.9E+02     188.8   205.0   271.0
           3.8E+01    38.1    3.3E+02     329.7   202.0   279.0
           4.2E+01    41.8    5.2E+02     520.7   202.0   271.0
           3.4E+01    34.3    7.6E+02     764.6   205.0   266.0
           3.6E+01    35.8    6.2E+02     620.4   207.0   270.0
           3.5E+01    35.1    7.2E+02     717.9   216.0   267.0
           4.3E+01    42.5    8.6E+02     857.1   220.0   267.0
           4.2E+01    41.8    9.5E+02     948.4   219.0   270.0
           3.1E+01    31.3    9.8E+02     980.7   221.0   273.0
           4.2E+01    41.8    1.8E+03    1813.3   224.0   276.0
           4.3E+01    42.5    1.2E+03    1205.2   227.0   278.0
           3.9E+01    38.8    7.9E+02     786.4   227.0   268.0
           6.2E+01    61.9    1.7E+03    1680.8   224.0   273.0
           6.1E+01    61.2    1.3E+03    1259.7   216.0   273.0
           5.0E+01    50.0    1.8E+03    1822.2   176.0   291.0
           3.5E+01    35.1    5.4E+02     535.2   176.0   290.0
           3.8E+01    38.1    1.3E+03    1332.1   178.0   291.0
           4.7E+01    47.0    1.1E+03    1133.3   177.0   287.0
           5.2E+01    52.2    3.2E+02     321.3   173.0   288.0
           6.1E+01    61.2    2.2E+03    2174.2   176.0   284.0
           5.6E+01    56.0    7.0E+02     702.8   180.0   286.0
           4.0E+01    40.3    1.1E+03    1053.7   181.0   290.0
           3.3E+01    32.8    1.2E+03    1201.3   185.0   291.0
           3.7E+01    37.3    1.0E+03    1049.2   185.0   290.0
           3.7E+01    37.3    1.7E+00       1.7   187.0   289.0
           4.1E+01    41.0    1.1E+03    1136.1   187.0   285.0
           4.1E+01    41.0    2.4E+02     235.0   179.0   283.0
           3.1E+01    31.3    7.1E+02     707.3   180.0   281.0
           4.4E+01    44.0    1.2E+03    1226.3   178.0   282.0
           4.0E+01    40.3    1.1E+03    1126.6   176.0   281.0
           3.2E+01    32.1    3.5E+02     354.8   175.0   279.0
           4.2E+01    41.8    1.4E+03    1417.9   178.0   280.0
           5.2E+01    52.2    2.3E+03    2330.1   183.0   280.0
           3.1E+01    31.3    3.6E+02     358.7   186.0   279.0
           2.5E+01    25.4    6.5E+02     654.9   186.0   282.0
           4.5E+01    44.8    2.3E+03    2273.9   191.0   287.0
           4.0E+01    39.6    1.4E+03    1366.1   189.0   293.0
           5.4E+01    53.7    2.5E+03    2471.6   190.0   291.0
           4.0E+01    39.6    7.6E+02     760.2   198.0   290.0
           4.4E+01    44.0    1.7E+03    1676.3   195.0   290.0
           3.2E+01    32.1    1.7E+02     169.9   194.0   288.0
           2.5E+01    25.4    8.6E+02     864.3   193.0   290.0
           5.1E+01    50.7    2.4E+03    2416.5   197.0   284.0
           3.5E+01    35.1    1.7E+03    1697.5   193.0   283.0
           3.7E+01    37.3    5.6E+02     561.9   191.0   283.0
           4.0E+01    39.6    8.0E+02     795.8   191.0   281.0
           3.4E+01    34.3    4.2E+02     422.7   190.0   280.0
           3.7E+01    37.3    9.1E+02     913.9   176.0   275.0
           3.4E+01    34.3    5.4E+02     540.2   174.0   272.0
           4.2E+01    41.8    7.8E+02     776.9   177.0   270.0
           4.0E+01    39.6    3.1E+02     310.8   182.0   271.0
           3.3E+01    32.8    7.5E+02     754.1   183.0   268.0
           3.1E+01    30.6    5.7E+02     567.5   183.0   266.0
           3.9E+01    38.8    3.1E+02     314.7   186.0   268.0
           4.3E+01    43.3    1.2E+03    1223.5   184.0   273.0
           4.7E+01    47.0    2.0E+03    2007.1   186.0   273.0
           2.8E+01    28.4    5.9E+02     585.9   180.0   275.0
           3.7E+01    37.3    1.6E+03    1557.7   188.0   277.0
           4.1E+01    41.0    1.4E+03    1395.6   192.0   276.0
           3.6E+01    35.8    3.5E+02     350.3   195.0   278.0
           5.1E+01    50.7    4.9E+02     485.6   196.0   272.0
           3.2E+01    32.1    1.5E+03    1476.4   200.0   275.0
           2.8E+01    27.6    5.8E+02     582.0   200.0   269.0
           2.9E+01    29.1    7.2E+02     722.9   194.0   266.0
           5.2E+01    52.2    5.4E+02     536.9   190.0   268.0
           4.7E+01    47.0    1.1E+03    1109.9   190.0   266.0
           5.4E+01    54.5    9.6E+02     960.7   192.0   269.0
           5.0E+01    50.0    1.3E+03    1297.1   190.0   271.0
           3.3E+01    32.8    4.2E+02     418.8   188.0   273.0
           3.7E+01    37.3    5.6E+02     558.6   188.0   270.0
           3.2E+01    32.1    6.0E+02     597.0   174.0   278.0
           4.6E+01    45.5    6.5E+01      65.2   173.0   282.0
           5.0E+01    50.0    9.5E+02     946.2   173.0   277.0
           4.0E+01    39.6    1.2E+03    1186.8   173.0   293.0
           3.8E+01    38.1    1.4E+03    1350.5   176.0   293.0
           5.1E+01    51.5    4.6E+01      46.2   184.0   293.0
           4.9E+01    49.3    9.1E+02     910.0   168.0   288.0
           3.8E+01    38.1    1.4E+02     139.8   170.0   290.0
           5.0E+01    50.0    1.2E+03    1214.1   172.0   286.0
           4.3E+01    42.5    1.6E+03    1557.1   170.0   283.0
           4.1E+01    41.0    5.7E+02     566.4   171.0   281.0
           5.6E+01    56.0    1.1E+03    1062.6   171.0   274.0
           3.0E+01    29.9    7.9E+02     789.7   172.0   271.0
           4.8E+01    47.8    5.4E+02     539.7   170.0   268.0
           6.2E+01    61.9    2.5E+03    2537.3   161.0   292.0
           5.0E+01    50.0    1.6E+03    1581.6   161.0   288.0
           5.2E+01    52.2    3.4E+02     343.1   163.0   285.0
           4.5E+01    44.8    1.1E+03    1081.5   160.0   282.0
           3.6E+01    35.8    2.2E+02     223.3   157.0   280.0
           4.3E+01    43.3    1.7E+03    1690.8   157.0   284.0
           5.1E+01    50.7    8.8E+02     883.3   155.0   285.0
           3.0E+01    29.9    5.7E+02     572.5   158.0   292.0
           3.8E+01    38.1    1.6E+01      15.6   148.0   291.0
           4.4E+01    44.0    1.3E+02     134.2   150.0   290.0
           3.5E+01    35.1    2.1E+02     209.4   147.0   287.0
           4.6E+01    46.3    1.3E+02     132.0   166.0   281.0
           3.7E+01    37.3    1.1E+02     107.5   160.0   277.0
           3.5E+01    35.1    1.0E+03    1030.9   158.0   272.0
           4.6E+01    45.5    6.6E+02     658.8   153.0   271.0
           3.8E+01    38.1    4.3E+02     433.8   150.0   268.0
           4.9E+01    49.3    1.1E+03    1059.8   165.0   271.0
           6.2E+01    61.9    1.4E+03    1385.6   168.0   277.0
           3.4E+01    34.3    2.8E+01      28.4   145.0   273.0
           5.5E+01    55.2    2.3E+03    2302.9   138.0   280.0
           2.8E+01    28.4    1.8E+02     175.4   136.0   285.0
           4.6E+01    45.5    1.4E+02     140.3   128.0   292.0
           3.3E+01    32.8    1.2E+03    1245.3   140.0   294.0
           4.1E+01    41.0    7.4E+02     742.9   131.0   277.0
           4.5E+01    44.8    1.0E+03    1010.8   104.0   277.0
           5.0E+01    50.0    1.5E+03    1455.2   101.0   271.0
           5.4E+01    54.5    1.5E+03    1458.0    75.0   284.0
           4.4E+01    44.0    4.3E+01      43.4    80.0   266.0
           3.6E+01    35.8    8.5E+02     852.1    83.0   281.0
           7.1E+01    70.9    1.7E+03    1665.2   345.0   262.0
           2.8E+01    27.6    9.7E+02     969.0   341.0   268.0
           5.5E+01    55.2    2.8E+03    2833.0   323.0   264.0
           3.7E+01    36.6    1.4E+03    1368.3   325.0   265.0
           3.0E+01    29.9    8.2E+02     823.7   322.0   259.0
           2.2E+01    22.4    8.4E+01      84.1   319.0   255.0
           3.7E+01    37.3    5.9E+02     588.7   315.0   255.0
           4.7E+01    47.0    2.8E+02     280.7   320.0   260.0
           7.8E+01    78.4    9.6E+02     955.7   296.0   259.0
           5.6E+01    56.0    1.4E+03    1373.9   303.0   254.0
           3.4E+01    34.3    1.1E+03    1072.1   306.0   264.0
           4.1E+01    41.0    9.9E+02     987.4   291.0   255.0
           6.4E+01    64.2    1.7E+03    1668.5   286.0   258.0
           4.7E+01    47.0    5.4E+01      54.0   292.0   247.0
           5.0E+01    50.0    1.9E+03    1913.0   273.0   263.0
           6.5E+01    64.9    4.8E+02     482.8   270.0   244.0
           5.4E+01    53.7    1.2E+03    1150.6   268.0   249.0
           4.3E+01    42.5    3.2E+02     324.1   275.0   258.0
           4.8E+01    47.8    1.3E+03    1322.1   274.0   244.0
           6.0E+01    59.7    3.4E+03    3363.8   274.0   251.0
           2.5E+01    24.6    8.4E+01      83.5   261.0   240.0
           4.6E+01    45.5    9.9E+02     988.5   282.0   259.0
           3.1E+01    30.6    7.6E+02     760.2   274.0   242.0
           5.1E+01    50.7    1.8E+03    1792.7   240.0   256.0
           5.3E+01    53.0    1.9E+03    1893.5   248.0   264.0
           6.9E+01    69.4    4.6E+03    4567.3   249.0   252.0
           6.8E+01    67.9    5.7E+02     569.7   230.0   246.0
           4.4E+01    44.0    2.6E+02     259.5   232.0   255.0
           4.9E+01    49.3    3.1E+02     313.0   237.0   238.0
           4.3E+01    42.5    2.2E+03    2177.0   254.0   241.0
           3.1E+01    30.6    1.2E+03    1186.2   234.0   251.0
           5.3E+01    53.0    1.9E+03    1861.8   226.0   257.0
           2.8E+01    28.4    1.6E+02     160.9   226.0   260.0
           2.7E+01    26.9    1.9E+02     191.6   223.0   261.0
           2.7E+01    26.9    5.7E+01      56.8   219.0   263.0
           1.9E+01    19.4    1.7E+02     171.5   214.0   263.0
           2.5E+01    25.4    3.8E+02     384.3   210.0   259.0
           2.6E+01    26.1    7.6E+02     756.9   212.0   256.0
           3.0E+01    29.9    3.9E+02     392.1   204.0   262.0
           4.0E+01    39.6    4.6E+02     460.0   204.0   259.0
           4.6E+01    45.5    3.2E+02     320.2   209.0   252.0
           4.2E+01    41.8    3.6E+02     361.4   202.0   250.0
           2.4E+01    23.9    9.6E+01      95.8   203.0   239.0
           3.7E+01    37.3    4.4E+02     438.9   211.0   247.0
           4.0E+01    39.6    6.8E+02     683.3   216.0   245.0
           4.9E+01    49.3    1.2E+03    1179.6   221.0   248.0
           4.3E+01    42.5    1.3E+03    1304.3   223.0   251.0
           4.0E+01    40.3    3.1E+02     305.2   225.0   241.0
           3.2E+01    32.1    1.2E+03    1206.3   210.0   261.0
           3.5E+01    35.1    1.1E+03    1058.7   178.0   261.0
           3.3E+01    32.8    3.3E+02     327.5   178.0   254.0
           3.8E+01    38.1    3.9E+02     385.4   189.0   254.0
           5.2E+01    52.2    4.4E+02     440.5   187.0   259.0
           3.0E+01    29.9    2.6E+02     264.5   183.0   263.0
           3.7E+01    37.3    4.7E+02     468.4   196.0   264.0
           2.6E+01    26.1    2.6E+02     257.3   198.0   264.0
           3.0E+01    29.9    1.3E+03    1304.9   199.0   260.0
           3.4E+01    34.3    1.2E+03    1169.0   197.0   258.0
           3.0E+01    29.9    9.2E+02     916.7   191.0   255.0
           4.0E+01    39.6    6.5E+02     647.1   198.0   249.0
           4.3E+01    43.3    1.1E+03    1076.5   188.0   238.0
           3.7E+01    36.6    7.2E+02     719.0   181.0   239.0
           4.9E+01    49.3    6.7E+02     669.4   192.0   237.0
           4.2E+01    41.8    8.6E+02     855.4   163.0   259.0
           3.0E+01    29.9    5.3E+02     531.9   169.0   261.0
           3.4E+01    34.3    5.0E+02     504.6   167.0   254.0
           3.8E+01    38.1    2.1E+03    2086.8   170.0   258.0
           4.9E+01    48.5    1.5E+03    1469.1   169.0   248.0
           6.1E+01    61.2    2.8E+02     277.3   171.0   242.0
           3.1E+01    30.6    2.8E+02     280.1   159.0   248.0
           2.4E+01    23.9    2.5E+02     254.0   156.0   254.0
           3.4E+01    34.3    1.6E+03    1597.2   159.0   259.0
           3.6E+01    35.8    2.5E+02     252.8   152.0   243.0
           3.9E+01    38.8    1.2E+03    1157.3   153.0   246.0
           6.0E+01    60.4    2.0E+03    2045.6   129.0   255.0
           5.2E+01    52.2    2.4E+03    2368.0   142.0   253.0
           3.7E+01    37.3    4.8E+02     480.6   320.0   218.0
           4.6E+01    45.5    4.1E+02     406.0   310.0   217.0
           4.5E+01    44.8    2.1E+03    2133.0   346.0   211.0
           4.3E+01    43.3    2.4E+03    2449.9   350.0   220.0
           4.1E+01    41.0    5.6E+01      56.2   349.0   214.0
           3.3E+01    32.8    6.2E+02     621.5   315.0   223.0
           3.3E+01    32.8    3.4E+02     339.2   298.0   216.0
           5.4E+01    54.5    1.6E+03    1555.5   286.0   227.0
           3.4E+01    34.3    1.5E+02     145.4   289.0   230.0
           2.0E+01    20.1    4.3E+01      42.9   293.0   241.0
           4.5E+01    44.8    7.0E+01      70.2   284.0   225.0
           7.4E+01    73.9    1.1E+03    1068.7   275.0   234.0
           3.0E+01    29.9    5.7E+02     574.7   269.0   233.0
           5.9E+01    59.0    1.1E+03    1062.0   262.0   223.0
           5.8E+01    58.2    9.0E+02     898.9   283.0   216.0
           4.0E+01    40.3    6.6E+02     659.4   275.0   209.0
           4.0E+01    39.6    5.6E+02     560.8   266.0   209.0
           6.2E+01    61.9    2.2E+03    2240.5   269.0   218.0
           2.2E+01    22.4    5.9E+02     591.4   239.0   236.0
           2.7E+01    26.9    1.2E+02     116.4   235.0   233.0
           2.3E+01    23.1    1.8E+02     181.0   229.0   233.0
           5.2E+01    52.2    7.2E+02     715.6   237.0   221.0
           4.0E+01    39.6    6.3E+02     629.9   236.0   216.0
           3.1E+01    30.6    1.7E+01      16.7   239.0   213.0
           3.3E+01    32.8    4.8E+02     478.4   230.0   212.0
           5.1E+01    51.5    5.7E+01      56.8   246.0   227.0
           3.6E+01    35.8    6.3E+02     630.4   244.0   209.0
           2.8E+01    27.6    3.3E+01      32.9   223.0   232.0
           3.4E+01    33.6    1.1E+03    1115.5   218.0   237.0
           2.3E+01    23.1    1.5E+02     153.2   218.0   229.0
           3.4E+01    33.6    4.3E+02     427.7   208.0   227.0
           3.7E+01    36.6    4.9E+02     494.5   205.0   233.0
           2.5E+01    25.4    7.7E+02     766.3   202.0   236.0
           4.1E+01    41.0    4.9E+02     487.9   204.0   218.0
           4.1E+01    41.0    1.8E+02     176.0   202.0   215.0
           3.4E+01    34.3    4.8E+02     484.5   201.0   218.0
           4.0E+01    40.3    9.9E+02     994.1   226.0   215.0
           5.4E+01    54.5    2.6E+03    2640.9   198.0   225.0
           2.3E+01    23.1    5.6E+02     559.1   191.0   221.0
           3.4E+01    33.6    7.2E+01      72.4   189.0   224.0
           3.4E+01    34.3    1.5E+03    1472.5   186.0   230.0
           3.0E+01    29.9    4.7E+02     473.4   187.0   231.0
           5.5E+01    55.2    1.6E+03    1601.1   192.0   212.0
           5.1E+01    51.5    9.8E+02     977.4   187.0   209.0
           4.0E+01    39.6    1.8E+03    1776.6   193.0   237.0
           6.0E+01    59.7    1.6E+03    1621.7   160.0   230.0
           2.4E+01    23.9    3.6E+02     358.7   149.0   231.0
           4.6E+01    45.5    5.0E+02     501.8   150.0   234.0
           2.8E+01    27.6    8.5E+01      85.2   151.0   215.0
           3.3E+01    32.8    8.9E+02     892.2   167.0   227.0
           3.5E+01    35.1    5.1E+02     512.4   151.0   241.0
           4.5E+01    44.8    6.2E+02     622.1   125.0   232.0
           2.5E+01    25.4    1.3E+02     126.4   139.0   217.0
           2.6E+01    26.1    5.7E+02     570.8   132.0   223.0
           4.4E+01    44.0    8.2E+02     823.7    90.0   224.0
           3.5E+01    35.1    6.5E+02     651.6   403.0   193.0
           3.2E+01    32.1    4.6E+02     463.4   377.0   197.0
           3.1E+01    31.3    5.4E+02     535.8   363.0   192.0
           3.7E+01    36.6    3.6E+01      36.2   348.0   196.0
           5.3E+01    53.0    1.7E+02     171.0   331.0   206.0
           2.2E+01    21.6    2.6E+02     264.5   325.0   208.0
           3.1E+01    30.6    4.8E+02     484.5   320.0   205.0
           4.3E+01    42.5    1.7E+00       1.7   321.0   198.0
           4.1E+01    41.0    2.4E+02     238.4   329.0   183.0
           4.6E+01    45.5    4.1E+02     413.2   305.0   190.0
           2.2E+01    21.6    1.1E+03    1073.7   300.0   200.0
           3.0E+01    29.9    5.9E+02     587.5   295.0   201.0
           3.1E+01    30.6    5.7E+02     573.1   304.0   206.0
           5.0E+01    50.0    1.2E+03    1198.5   299.0   182.0
           2.6E+01    26.1    4.7E+02     472.8   269.0   196.0
           2.5E+01    25.4    1.8E+02     182.1   278.0   198.0
           2.8E+01    27.6    5.3E+02     533.5   258.0   202.0
           4.9E+01    48.5    1.3E+03    1289.8   261.0   205.0
           3.5E+01    35.1    1.2E+03    1159.5   263.0   185.0
           4.0E+01    39.6    4.2E+01      41.8   236.0   200.0
           2.9E+01    29.1    2.2E+02     219.4   219.0   197.0
           4.4E+01    44.0    1.2E+03    1229.1   221.0   194.0
           4.4E+01    44.0    1.4E+03    1394.5   224.0   182.0
           4.7E+01    47.0    1.2E+02     117.5   188.0   205.0
           4.6E+01    45.5    1.3E+03    1324.3   180.0   204.0
           4.9E+01    49.3    8.1E+02     806.4   147.0   200.0
           2.9E+01    29.1    5.0E+02     495.1   153.0   178.0
           3.3E+01    32.8    1.3E+03    1305.4   168.0   186.0
           5.3E+01    53.0    9.0E+01      90.2   419.0   164.0
           6.6E+01    66.4    3.1E+03    3065.8   402.0   177.0
           5.6E+01    56.0    4.8E+02     475.6   376.0   152.0
           4.7E+01    47.0    6.5E+02     648.8   353.0   165.0
           4.2E+01    41.8    4.8E+02     478.9   321.0   168.0
           4.0E+01    39.6    9.8E+02     976.8   330.0   158.0
           4.8E+01    47.8    6.9E+02     688.9   291.0   169.0
           4.1E+01    41.0    9.4E+02     936.7   294.0   166.0
           3.4E+01    33.6    7.3E+02     732.9   288.0   162.0
           3.7E+01    36.6    8.2E+02     817.6   267.0   168.0
           1.7E+01    17.2    7.7E+01      76.9   256.0   169.0
           2.7E+01    26.9    6.9E+02     685.6   257.0   172.0
           4.3E+01    43.3    6.0E+02     599.2   273.0   155.0
           4.5E+01    44.8    1.3E+01      13.4   230.0   179.0
           6.0E+01    59.7    1.5E+03    1514.3   237.0   164.0
           5.9E+01    59.0    1.9E+03    1876.3   218.0   155.0
           4.1E+01    41.0    2.0E+03    1991.5   223.0   171.0
           3.8E+01    38.1    1.3E+03    1275.9   220.0   175.0
           3.8E+01    38.1    8.3E+02     830.9   178.0   165.0
           7.0E+01    70.1    1.7E+03    1680.2   153.0   161.0
           4.6E+01    45.5    1.4E+03    1439.1   112.0   188.0
           3.2E+01    32.1    5.4E+02     538.5   436.0   131.0
           3.1E+01    31.3    7.1E+02     710.6   402.0   133.0
           4.2E+01    41.8    1.4E+03    1420.7   421.0   146.0
           4.4E+01    44.0    4.6E+02     461.7   305.0   117.0
           5.1E+01    51.5    5.9E+02     585.3   285.0   143.0
           5.6E+01    56.0    1.1E+02     108.0   257.0   147.0
           3.9E+01    38.8    3.7E+01      37.3   225.0   129.0
           3.5E+01    35.1    1.2E+02     122.0   163.0   137.0
           7.8E+01    77.6    1.5E+03    1451.3   102.0   134.0
           4.6E+01    45.5    7.2E+02     724.0   177.0   108.0
           3.6E+01    35.8    1.6E+03    1559.4   191.0   109.0

     Mean   40    40.3      850     850.3   220   250

     Cell Type Fluoroscein  (456)

           4.9E+01    49.3    2.1E+02     215.0   332.0   430.0
           3.4E+01    33.6    9.4E+02     936.7   363.0   436.0
           2.9E+01    29.1    9.0E+02     895.5   401.0   437.0
           3.8E+01    38.1    5.8E+02     584.2   369.0   462.0
           4.2E+01    41.8    4.1E+02     409.9   385.0   437.0
           3.7E+01    37.3    1.4E+02     140.9   259.0   422.0
           5.0E+01    50.0    6.0E+02     601.5   252.0   434.0
           3.8E+01    38.1    1.6E+03    1605.6   282.0   404.0
           3.5E+01    35.1    6.5E+02     646.0   267.0   397.0
           2.5E+01    25.4    1.2E+03    1173.4   286.0   405.0
           3.5E+01    35.1    1.7E+03    1668.5   268.0   427.0
           4.6E+01    46.3    1.0E+03    1048.1   298.0   412.0
           1.9E+01    19.4    8.8E+02     881.0   307.0   412.0
           2.4E+01    23.9    1.3E+03    1250.3   310.0   403.0
           4.9E+01    48.5    3.1E+03    3066.4   339.0   429.0
           3.4E+01    34.3    1.5E+03    1538.8   346.0   412.0
           3.4E+01    34.3    1.2E+03    1165.6   364.0   378.0
           4.0E+01    39.6    3.5E+01      34.5   336.0   378.0
           2.8E+01    28.4    2.1E+03    2114.6   375.0   382.0
           2.9E+01    29.1    1.5E+01      15.0   197.0   441.0
           4.1E+01    41.0    2.6E+01      25.6   194.0   443.0
           4.1E+01    41.0    2.6E+02     261.2   193.0   433.0
           2.9E+01    29.1    5.3E+02     533.0   190.0   444.0
           3.8E+01    38.1    1.6E+02     164.3   127.0   414.0
           4.3E+01    42.5    9.7E+02     967.4   189.0   410.0
           4.6E+01    46.3    1.2E+03    1204.1   215.0   410.0
           5.3E+01    53.0    2.3E+03    2339.1   247.0   416.0
           3.7E+01    36.6    2.1E+03    2058.4   396.0   421.0
           4.8E+01    47.8    7.4E+02     739.0   397.0   414.0
           4.4E+01    44.0    3.9E+02     391.5   369.0   379.0
           6.3E+01    63.4    1.5E+03    1544.9   380.0   401.0
           3.1E+01    31.3    7.2E+02     724.0   363.0   386.0
           3.1E+01    31.3    3.4E+02     344.7   339.0   378.0
           3.6E+01    35.8    1.7E+02     166.0   308.0   396.0
           3.1E+01    30.6    1.9E+02     190.5   314.0   378.0
           3.8E+01    38.1    2.2E+03    2177.5   303.0   389.0
           3.6E+01    35.8    1.3E+03    1274.2   272.0   386.0
           5.5E+01    55.2    2.2E+03    2150.3   271.0   403.0
           3.2E+01    32.1    1.5E+03    1494.8   261.0   398.0
           7.8E+01    78.4    2.8E+03    2835.3   207.0   403.0
           4.2E+01    41.8    1.5E+03    1535.4   224.0   379.0
           3.6E+01    35.8    3.2E+02     319.7   189.0   394.0
           2.8E+01    27.6    4.4E+02     436.6   174.0   389.0
           5.5E+01    55.2    2.0E+03    2022.2   165.0   389.0
           4.0E+01    40.3    6.1E+02     606.5   159.0   400.0
           3.4E+01    34.3    7.0E+02     698.9   104.0   398.0
           3.1E+01    31.3    9.6E+02     956.2   108.0   381.0
           5.6E+01    56.0    6.9E+02     686.7    86.0   376.0
           4.6E+01    46.3    1.2E+03    1191.2    61.0   402.0
           7.8E+01    78.4    2.4E+03    2445.4   390.0   349.0
           4.8E+01    47.8    1.1E+03    1094.3   374.0   359.0
           4.4E+01    44.0    6.4E+02     639.9   372.0   356.0
           5.4E+01    54.5    2.1E+02     207.7   382.0   371.0
           7.8E+01    78.4    1.6E+03    1610.0   345.0   348.0
           4.9E+01    48.5    1.5E+03    1467.5   353.0   371.0
           6.2E+01    61.9    1.7E+03    1664.1   338.0   351.0
           4.1E+01    41.0    5.3E+02     530.7   322.0   356.0
           5.0E+01    50.0    4.2E+02     418.8   311.0   360.0
           4.6E+01    45.5    1.9E+03    1865.1   285.0   376.0
           5.4E+01    53.7    7.2E+02     715.6   285.0   355.0
           6.9E+01    68.7    1.2E+03    1186.2   291.0   348.0
           4.4E+01    44.0    1.1E+03    1056.5   299.0   347.0
           2.7E+01    26.9    8.8E+02     875.5   269.0   348.0
           3.6E+01    35.8    7.4E+02     743.5   262.0   364.0
           4.0E+01    40.3    3.9E+02     393.2   252.0   365.0
           3.6E+01    35.8    6.4E+02     639.9   231.0   375.0
           3.9E+01    38.8    2.5E+02     245.0   230.0   373.0
           3.9E+01    38.8    3.4E+01      34.0   235.0   368.0
           2.1E+01    20.9    8.7E+02     869.9   221.0   369.0
           3.1E+01    30.6    6.9E+02     693.4   211.0   356.0
           5.6E+01    56.0    2.4E+02     240.6   178.0   357.0
           7.9E+01    79.1    9.6E+02     960.7   155.0   348.0
           5.7E+01    56.7    1.2E+03    1165.1   169.0   356.0
           3.1E+01    30.6    4.7E+02     473.9   123.0   353.0
           3.7E+01    37.3    4.8E+02     477.8   111.0   362.0
           3.9E+01    38.8    1.7E+03    1714.7   116.0   356.0
           4.5E+01    44.8    2.4E+02     242.3   379.0   339.0
           4.3E+01    43.3    8.1E+01      80.8   388.0   336.0
           4.2E+01    41.8    8.4E+02     835.9   368.0   331.0
           3.1E+01    31.3    5.6E+02     563.0   355.0   328.0
           3.5E+01    35.1    1.6E+03    1596.1   329.0   335.0
           2.8E+01    28.4    3.7E+02     367.0   308.0   330.0
           3.6E+01    35.8    1.0E+03    1006.3   303.0   337.0
           3.2E+01    32.1    2.4E+02     239.5   289.0   321.0
           5.1E+01    51.5    8.6E+02     859.9   263.0   328.0
           6.6E+01    65.7    8.9E+02     887.7   260.0   337.0
           4.7E+01    47.0    2.2E+02     215.5   231.0   347.0
           7.1E+01    70.9    3.5E+03    3504.7   252.0   327.0
           5.4E+01    53.7    5.4E+02     543.0   228.0   320.0
           5.6E+01    56.0    1.2E+03    1180.7   206.0   331.0
           4.9E+01    49.3    1.5E+02     152.0   209.0   343.0
           4.3E+01    43.3    1.2E+03    1213.5   213.0   332.0
           5.3E+01    53.0    4.7E+02     471.7   223.0   328.0
           3.5E+01    35.1    1.1E+03    1114.4   169.0   337.0
           4.7E+01    47.0    9.6E+02     955.1   152.0   342.0
           4.6E+01    46.3    5.1E+02     508.5   133.0   334.0
           3.4E+01    34.3    5.4E+02     540.2   119.0   333.0
           2.7E+01    26.9    6.5E+02     647.1   103.0   338.0
           5.4E+01    54.5    7.0E+02     696.1    93.0   326.0
           5.7E+01    56.7    7.9E+02     785.8   112.0   321.0
           4.3E+01    43.3    1.7E+03    1668.0   118.0   321.0
           7.9E+01    79.1    1.3E+03    1343.8    59.0   332.0
           7.6E+01    76.1    1.4E+03    1440.2   401.0   308.0
           3.5E+01    35.1    4.5E+02     445.5   375.0   300.0
           3.7E+01    37.3    9.1E+02     907.2   352.0   294.0
           4.9E+01    49.3    2.4E+03    2389.7   335.0   305.0
           2.5E+01    25.4    9.7E+02     971.8   330.0   312.0
           4.9E+01    49.3    8.4E+02     842.6   286.0   293.0
           4.8E+01    47.8    1.7E+03    1739.8   275.0   299.0
           3.4E+01    34.3    6.7E+02     675.0   274.0   306.0
           4.4E+01    44.0    1.7E+02     170.4   282.0   308.0
           3.0E+01    29.9    5.6E+02     564.2   263.0   313.0
           3.4E+01    34.3    3.5E+02     354.8   258.0   312.0
           5.4E+01    53.7    1.9E+03    1898.5   241.0   306.0
           3.6E+01    35.8    1.4E+03    1431.3   247.0   298.0
           4.3E+01    43.3    5.7E+02     572.0   227.0   297.0
           4.3E+01    42.5    6.9E+02     693.4   176.0   310.0
           4.3E+01    42.5    7.4E+02     744.6   186.0   302.0
           4.0E+01    40.3    7.5E+02     751.8   198.0   296.0
           4.5E+01    44.8    1.4E+03    1364.4   158.0   311.0
           4.3E+01    43.3    8.4E+02     844.8   166.0   299.0
           5.1E+01    51.5    1.1E+03    1136.1   152.0   302.0
           2.2E+01    22.4    9.0E+02     898.9   164.0   302.0
           4.7E+01    47.0    8.0E+02     800.3   164.0   319.0
           2.7E+01    26.9    3.1E+02     306.3   119.0   312.0
           5.4E+01    54.5    1.3E+03    1310.4   131.0   300.0
           4.8E+01    47.8    1.1E+03    1097.7   105.0   297.0
           4.6E+01    45.5    2.1E+03    2053.4   368.0   278.0
           4.9E+01    48.5    8.2E+02     823.1   332.0   281.0
           3.1E+01    30.6    4.0E+02     398.8   338.0   278.0
           2.8E+01    28.4    4.8E+02     482.3   337.0   291.0
           4.9E+01    49.3    2.4E+02     242.3   313.0   277.0
           5.6E+01    56.0    9.7E+02     970.1   299.0   279.0
           2.7E+01    26.9    2.1E+02     211.1   308.0   271.0
           2.4E+01    23.9    6.7E+02     665.5   306.0   272.0
           2.6E+01    26.1    1.2E+02     117.0   296.0   269.0
           2.2E+01    22.4    3.3E+02     328.0   288.0   279.0
           2.6E+01    26.1    1.0E+02     103.6   267.0   270.0
           5.1E+01    51.5    5.3E+02     530.2   253.0   270.0
           3.5E+01    35.1    9.3E+01      93.0   259.0   265.0
           3.5E+01    35.1    2.9E+02     293.5   244.0   272.0
           5.4E+01    53.7    9.4E+01      94.1   232.0   284.0
           4.1E+01    41.0    7.1E+02     710.1   234.0   268.0
           3.4E+01    34.3    1.3E+03    1262.0   232.0   279.0
           3.0E+01    29.9    4.1E+02     412.1   208.0   281.0
           3.1E+01    30.6    1.3E+02     130.3   203.0   267.0
           3.4E+01    34.3    4.6E+02     458.3   203.0   275.0
           2.8E+01    28.4    3.1E+02     313.5   223.0   270.0
           3.4E+01    33.6    8.3E+01      83.0   225.0   288.0
           2.5E+01    24.6    7.0E+02     700.6   213.0   269.0
           4.1E+01    41.0    4.9E+02     492.3   181.0   288.0
           2.7E+01    26.9    9.0E+02     901.6   186.0   284.0
           5.4E+01    53.7    6.9E+02     691.7   182.0   280.0
           4.6E+01    45.5    2.2E+02     225.0   175.0   275.0
           3.9E+01    38.8    2.5E+02     247.3   176.0   268.0
           3.8E+01    38.1    9.2E+02     916.7   185.0   266.0
           3.5E+01    35.1    7.4E+02     736.2   191.0   269.0
           2.6E+01    26.1    1.0E+03    1000.2   189.0   273.0
           2.7E+01    26.9    1.4E+03    1354.4   194.0   290.0
           4.3E+01    42.5    4.7E+02     472.3   198.0   272.0
           4.0E+01    40.3    9.2E+02     922.3   181.0   290.0
           4.3E+01    43.3    1.1E+03    1076.0   181.0   268.0
           2.5E+01    24.6    6.0E+01      60.1   148.0   279.0
           4.9E+01    48.5    9.9E+02     991.9   153.0   273.0
           2.7E+01    26.9    4.7E+02     473.9   158.0   276.0
           3.4E+01    33.6    1.2E+03    1215.2   159.0   278.0
           3.8E+01    38.1    7.9E+02     785.3   154.0   285.0
           4.0E+01    40.3    7.3E+02     731.2   156.0   285.0
           3.9E+01    38.8    8.3E+02     834.3   169.0   286.0
           3.1E+01    31.3    5.6E+02     562.5   164.0   273.0
           4.2E+01    41.8    7.0E+02     697.8   161.0   271.0
           3.7E+01    36.6    3.3E+01      32.9   160.0   274.0
           3.7E+01    36.6    1.2E+03    1228.6   160.0   272.0
           3.5E+01    35.1    9.3E+02     927.8   167.0   269.0
           3.3E+01    32.8    3.6E+02     361.4   172.0   267.0
           3.4E+01    34.3    5.8E+02     582.5   169.0   266.0
           4.3E+01    43.3    1.2E+03    1207.4   165.0   266.0
           3.3E+01    32.8    3.0E+02     301.3   160.0   269.0
           3.0E+01    29.9    1.3E+02     127.5   156.0   273.0
           4.9E+01    48.5    4.8E+02     477.8   156.0   270.0
           3.0E+01    29.9    7.8E+02     776.9   158.0   267.0
           3.8E+01    38.1    3.8E+02     375.4   157.0   265.0
           3.1E+01    31.3    5.0E+02     496.2   150.0   270.0
           4.1E+01    41.0    3.5E+02     353.6   148.0   266.0
           3.7E+01    37.3    2.4E+02     241.7   147.0   266.0
           3.8E+01    38.1    7.0E+02     698.4   148.0   271.0
           4.2E+01    41.8    4.2E+02     416.6   145.0   277.0
           4.1E+01    41.0    1.2E+03    1207.4   160.0   276.0
           4.0E+01    39.6    1.2E+02     122.5   153.0   270.0
           3.3E+01    32.8    9.8E+02     984.6   137.0   266.0
           5.3E+01    53.0    1.0E+03    1004.1   137.0   275.0
           2.8E+01    27.6    8.2E+02     820.9   129.0   277.0
           3.2E+01    32.1    2.3E+02     228.3   127.0   271.0
           4.4E+01    44.0    1.4E+03    1405.1   121.0   279.0
           5.0E+01    50.0    1.3E+03    1332.1   124.0   283.0
           2.1E+01    20.9    1.1E+02     110.3   120.0   271.0
           4.3E+01    43.3    2.1E+03    2106.8   135.0   289.0
           3.7E+01    36.6    1.3E+03    1341.1   133.0   265.0
           3.8E+01    38.1    2.3E+03    2274.4   113.0   285.0
           2.1E+01    20.9    4.2E+02     418.2   108.0   277.0
           5.2E+01    52.2    1.1E+03    1053.1   102.0   278.0
           4.8E+01    47.8    4.9E+02     494.5    81.0   283.0
           4.9E+01    48.5    7.8E+02     779.7   314.0   257.0
           4.3E+01    42.5    1.3E+03    1345.0   292.0   245.0
           2.8E+01    28.4    5.2E+02     523.5   284.0   247.0
           4.4E+01    44.0    3.1E+02     309.6   269.0   239.0
           2.7E+01    26.9    9.7E+01      96.9   262.0   260.0
           6.3E+01    62.7    6.7E+02     666.6   256.0   242.0
           3.1E+01    31.3    1.6E+03    1597.8   247.0   256.0
           1.9E+01    19.4    7.3E+02     729.0   250.0   244.0
           3.4E+01    33.6    1.2E+03    1210.2   256.0   261.0
           3.2E+01    32.1    1.2E+03    1191.2   243.0   235.0
           4.2E+01    41.8    1.5E+02     148.7   214.0   254.0
           3.7E+01    37.3    4.1E+02     412.1   209.0   260.0
           3.6E+01    35.8    2.3E+02     234.5   203.0   260.0
           3.4E+01    33.6    1.2E+03    1199.0   207.0   253.0
           7.2E+01    71.6    2.2E+03    2210.4   212.0   245.0
           3.3E+01    32.8    1.8E+02     182.1   210.0   242.0
           3.1E+01    30.6    1.2E+03    1223.5   217.0   239.0
           6.0E+01    60.4    4.8E+01      47.9   200.0   247.0
           3.5E+01    35.1    8.7E+02     874.4   187.0   262.0
           4.9E+01    49.3    2.5E+03    2458.8   187.0   261.0
           2.5E+01    25.4    1.4E+03    1412.3   197.0   261.0
           2.4E+01    23.9    6.0E+02     602.0   197.0   259.0
           4.0E+01    39.6    2.1E+02     207.7   196.0   249.0
           3.8E+01    38.1    8.2E+02     815.3   193.0   246.0
           2.3E+01    23.1    1.7E+02     168.2   189.0   250.0
           3.0E+01    29.9    8.3E+01      83.0   187.0   249.0
           3.4E+01    34.3    5.5E+02     546.3   189.0   254.0
           4.3E+01    42.5    7.3E+02     731.8   185.0   252.0
           3.4E+01    33.6    1.7E+02     165.4   183.0   252.0
           3.9E+01    38.8    4.9E+02     492.9   183.0   259.0
           3.1E+01    31.3    1.3E+02     132.5   183.0   257.0
           3.5E+01    35.1    7.4E+02     743.5   179.0   260.0
           2.3E+01    23.1    9.4E+01      93.6   178.0   261.0
           3.2E+01    32.1    6.4E+02     636.6   177.0   264.0
           3.2E+01    32.1    1.7E+01      17.3   175.0   263.0
           5.2E+01    52.2    6.2E+02     624.9   175.0   259.0
           2.7E+01    26.9    8.5E+02     848.2   174.0   257.0
           3.5E+01    35.1    4.5E+02     451.7   175.0   256.0
           3.3E+01    32.8    5.5E+01      54.6   177.0   254.0
           4.8E+01    47.8    1.1E+03    1098.8   175.0   254.0
           3.0E+01    29.9    2.6E+02     259.0   177.0   253.0
           3.3E+01    32.8    2.0E+02     204.9   180.0   255.0
           3.5E+01    35.1    1.1E+03    1101.0   184.0   248.0
           4.9E+01    48.5    3.3E+00       3.3   180.0   249.0
           2.5E+01    25.4    9.2E+01      91.9   179.0   246.0
           3.2E+01    32.1    5.8E+02     580.9   178.0   247.0
           4.3E+01    43.3    7.6E+02     756.9   175.0   245.0
           2.8E+01    27.6    1.2E+02     120.9   174.0   248.0
           3.5E+01    35.1    6.3E+02     628.8   175.0   250.0
           3.1E+01    31.3    1.7E+02     166.5   174.0   243.0
           4.5E+01    44.8    4.0E+02     402.7   178.0   242.0
           3.2E+01    32.1    6.0E+02     596.5   177.0   239.0
           3.5E+01    35.1    4.9E+02     494.0   180.0   239.0
           3.1E+01    31.3    2.4E+02     237.8   186.0   240.0
           4.7E+01    47.0    1.0E+02     103.6   185.0   244.0
           3.7E+01    37.3    9.7E+02     969.6   183.0   240.0
           3.3E+01    32.8    6.6E+02     659.4   172.0   251.0
           4.2E+01    41.8    7.4E+02     742.9   173.0   259.0
           3.7E+01    36.6    6.0E+01      60.1   173.0   265.0
           4.3E+01    43.3    8.4E+02     837.0   180.0   244.0
           3.7E+01    37.3    1.7E+03    1690.2   163.0   264.0
           4.0E+01    40.3    2.4E+03    2425.9   166.0   262.0
           4.0E+01    39.6    1.7E+03    1706.4   165.0   261.0
           3.4E+01    33.6    1.5E+03    1453.0   162.0   261.0
           4.3E+01    43.3    2.2E+02     215.5   159.0   262.0
           2.8E+01    27.6    7.5E+01      74.6   153.0   262.0
           3.1E+01    31.3    4.4E+02     443.9   151.0   262.0
           2.6E+01    26.1    5.8E+02     579.2   147.0   264.0
           4.0E+01    39.6    3.9E+02     386.5   149.0   261.0
           3.5E+01    35.1    4.2E+02     423.3   149.0   258.0
           4.3E+01    43.3    3.3E+02     331.9   157.0   259.0
           3.8E+01    38.1    1.8E+03    1824.5   167.0   258.0
           2.8E+01    28.4    8.3E+02     830.9   171.0   257.0
           3.1E+01    30.6    2.1E+02     207.2   169.0   261.0
           6.3E+01    63.4    3.0E+03    2978.4   170.0   255.0
           3.4E+01    33.6    1.5E+03    1486.4   171.0   254.0
           3.3E+01    32.8    5.7E+02     573.1   169.0   248.0
           4.4E+01    44.0    7.1E+02     714.5   167.0   253.0
           4.1E+01    41.0    6.2E+02     616.0   164.0   257.0
           4.2E+01    41.8    6.7E+02     668.3   161.0   257.0
           2.8E+01    28.4    3.1E+01      30.6   161.0   256.0
           3.2E+01    32.1    6.0E+01      59.6   157.0   257.0
           4.6E+01    46.3    1.4E+03    1354.4   159.0   254.0
           5.8E+01    58.2    1.7E+03    1676.3   162.0   253.0
           3.3E+01    32.8    1.0E+03    1004.1   165.0   251.0
           3.1E+01    30.6    8.4E+02     844.8   164.0   247.0
           3.7E+01    37.3    7.4E+02     737.4   162.0   247.0
           3.3E+01    32.8    3.3E+02     325.8   169.0   245.0
           3.1E+01    31.3    6.4E+02     636.0   167.0   245.0
           4.6E+01    45.5    3.7E+02     370.3   167.0   243.0
           5.8E+01    58.2    1.3E+03    1277.6   167.0   241.0
           2.8E+01    28.4    4.0E+02     399.9   172.0   242.0
           4.0E+01    40.3    1.2E+03    1164.5   170.0   243.0
           3.2E+01    32.1    8.2E+02     815.3   170.0   241.0
           3.4E+01    33.6    9.4E+02     935.1   172.0   238.0
           3.9E+01    38.8    8.0E+02     798.6   163.0   242.0
           3.5E+01    35.1    8.6E+02     858.8   164.0   239.0
           3.2E+01    32.1    1.4E+02     138.1   162.0   238.0
           2.4E+01    23.9    3.7E+02     372.6   159.0   239.0
           3.5E+01    35.1    2.3E+02     226.7   159.0   242.0
           3.7E+01    37.3    8.5E+02     849.3   158.0   245.0
           4.0E+01    39.6    7.4E+02     737.4   158.0   246.0
           4.7E+01    47.0    2.6E+02     255.6   156.0   246.0
           5.4E+01    54.5    4.2E+02     419.4   152.0   247.0
           4.7E+01    47.0    3.6E+02     362.0   152.0   250.0
           3.1E+01    31.3    3.5E+02     353.1   151.0   250.0
           3.4E+01    33.6    2.8E+02     280.7   149.0   249.0
           3.6E+01    35.8    8.2E+02     816.4   148.0   250.0
           3.7E+01    36.6    1.3E+02     132.5   146.0   249.0
           4.1E+01    41.0    7.7E+02     765.8   146.0   247.0
           3.1E+01    31.3    2.8E+02     282.9   147.0   246.0
           4.4E+01    44.0    5.2E+02     518.5   146.0   244.0
           2.2E+01    21.6    2.5E+02     253.4   146.0   240.0
           4.2E+01    41.8    7.3E+02     725.1   148.0   238.0
           4.9E+01    49.3    7.2E+02     723.4   151.0   241.0
           3.6E+01    35.8    2.2E+02     216.6   155.0   240.0
           3.4E+01    33.6    5.3E+02     528.5   151.0   255.0
           6.3E+01    62.7    1.6E+03    1615.1   154.0   253.0
           3.4E+01    34.3    5.0E+02     495.1   157.0   253.0
           3.0E+01    29.9    8.5E+02     845.4   154.0   257.0
           3.6E+01    35.8    7.3E+02     729.0   152.0   259.0
           4.9E+01    48.5    1.1E+03    1050.9   146.0   257.0
           3.4E+01    34.3    7.7E+02     765.8   148.0   254.0
           3.7E+01    37.3    2.3E+03    2316.8   143.0   264.0
           5.4E+01    53.7    1.2E+03    1214.1   142.0   263.0
           3.4E+01    34.3    1.1E+03    1103.8   134.0   263.0
           3.4E+01    34.3    1.1E+03    1111.0   130.0   262.0
           4.3E+01    43.3    1.1E+03    1064.8   124.0   263.0
           3.3E+01    32.8    9.4E+02     944.5   121.0   257.0
           3.7E+01    37.3    6.2E+02     616.0   120.0   253.0
           5.8E+01    58.2    2.4E+03    2448.8   131.0   253.0
           3.7E+01    36.6    1.1E+03    1084.9   132.0   254.0
           3.6E+01    35.8    1.0E+03    1022.5   136.0   255.0
           3.9E+01    38.8    1.5E+03    1494.8   142.0   255.0
           5.1E+01    50.7    3.0E+03    2995.1   139.0   261.0
           4.4E+01    44.0    1.8E+03    1817.2   134.0   250.0
           3.7E+01    36.6    1.4E+03    1404.0   130.0   248.0
           4.7E+01    47.0    2.0E+03    2012.1   144.0   248.0
           4.6E+01    45.5    1.1E+03    1086.5   143.0   244.0
           2.9E+01    29.1    9.9E+02     986.9   143.0   241.0
           6.0E+01    59.7    2.0E+03    2022.2   140.0   241.0
           4.6E+01    46.3    1.6E+03    1562.7   133.0   240.0
           5.4E+01    54.5    7.3E+02     729.0   123.0   248.0
           3.6E+01    35.8    1.1E+03    1094.3   127.0   242.0
           4.8E+01    47.8    8.1E+02     809.8   129.0   255.0
           3.7E+01    37.3    1.9E+03    1875.1   144.0   258.0
           5.4E+01    54.5    2.5E+03    2495.5   142.0   257.0
           4.4E+01    44.0    4.6E+02     457.2   142.0   253.0
           4.0E+01    39.6    5.7E+02     570.8    93.0   236.0
           6.1E+01    61.2    9.1E+02     907.2    84.0   256.0
           2.8E+01    28.4    1.2E+02     116.4   327.0   213.0
           4.3E+01    43.3    1.2E+03    1245.8   358.0   213.0
           4.2E+01    41.8    1.3E+03    1335.5   372.0   210.0
           3.6E+01    35.8    2.3E+02     227.8   287.0   213.0
           3.0E+01    29.9    1.6E+03    1567.2   312.0   210.0
           3.0E+01    29.9    8.2E+02     818.7   293.0   219.0
           3.1E+01    31.3    7.0E+02     703.4   266.0   224.0
           3.1E+01    31.3    5.3E+02     530.2   271.0   218.0
           2.8E+01    28.4    4.7E+02     473.4   259.0   214.0
           4.3E+01    42.5    5.9E+02     587.0   262.0   235.0
           4.3E+01    42.5    1.9E+02     186.6   256.0   227.0
           3.6E+01    35.8    1.7E+02     166.0   232.0   219.0
           2.5E+01    25.4    3.9E+02     391.0   236.0   227.0
           7.5E+01    74.6    3.2E+02     320.2   234.0   215.0
           4.1E+01    41.0    8.8E+02     884.4   220.0   230.0
           1.9E+01    18.7    8.2E+02     817.0   226.0   221.0
           4.1E+01    41.0    1.5E+02     148.7   223.0   217.0
           1.3E+01    13.4    1.9E+02     189.4   216.0   212.0
           3.3E+01    32.8    4.6E+02     457.8   214.0   221.0
           3.2E+01    32.1    2.4E+02     244.5   203.0   233.0
           3.0E+01    29.9    4.0E+02     404.3   201.0   230.0
           2.9E+01    29.1    2.2E+02     223.3   201.0   235.0
           2.8E+01    27.6    6.0E+02     603.1   181.0   235.0
           2.5E+01    25.4    2.4E+02     241.7   178.0   236.0
           4.6E+01    46.3    8.1E+02     809.2   174.0   231.0
           4.0E+01    39.6    5.2E+02     520.7   179.0   228.0
           3.4E+01    34.3    4.5E+02     452.8   177.0   227.0
           3.4E+01    33.6    4.6E+02     459.5   178.0   223.0
           4.1E+01    41.0    6.1E+01      60.7   179.0   222.0
           4.4E+01    44.0    5.5E+02     550.8   184.0   229.0
           3.7E+01    37.3    2.0E+03    1959.8   188.0   232.0
           2.8E+01    28.4    7.7E+02     765.8   189.0   228.0
           2.4E+01    23.9    6.1E+02     610.9   199.0   231.0
           4.4E+01    44.0    9.0E+02     903.3   194.0   219.0
           2.6E+01    26.1    3.7E+02     365.9   184.0   218.0
           2.7E+01    26.9    3.1E+02     311.9   175.0   221.0
           3.8E+01    38.1    6.8E+02     677.2   168.0   234.0
           2.5E+01    24.6    5.0E+02     496.8   166.0   234.0
           3.7E+01    37.3    1.4E+03    1363.3   166.0   235.0
           3.4E+01    33.6    2.0E+02     200.5   162.0   237.0
           4.1E+01    41.0    4.6E+02     462.8   157.0   234.0
           3.9E+01    38.8    2.3E+01      22.8   155.0   237.0
           3.0E+01    29.9    6.6E+02     659.9   152.0   236.0
           5.0E+01    50.0    1.1E+03    1093.2   150.0   235.0
           3.1E+01    31.3    7.3E+02     731.8   149.0   231.0
           3.4E+01    33.6    3.5E+01      35.1   147.0   229.0
           4.7E+01    47.0    1.6E+03    1600.6   151.0   225.0
           2.9E+01    29.1    2.9E+01      29.0   155.0   225.0
           6.6E+01    65.7    9.7E+02     971.8   157.0   228.0
           4.6E+01    46.3    5.7E+02     569.2   159.0   229.0
           3.7E+01    36.6    1.3E+03    1313.2   160.0   231.0
           4.5E+01    44.8    1.8E+03    1834.5   162.0   233.0
           4.6E+01    46.3    3.2E+02     322.5   163.0   230.0
           2.6E+01    26.1    7.8E+02     780.8   160.0   225.0
           5.7E+01    57.5    2.6E+03    2579.1   169.0   227.0
           4.6E+01    46.3    7.6E+02     755.7   169.0   223.0
           2.9E+01    29.1    6.8E+02     677.2   168.0   218.0
           4.9E+01    48.5    1.1E+03    1142.8   171.0   215.0
           3.4E+01    34.3    1.6E+03    1635.7   172.0   213.0
           3.1E+01    31.3    3.8E+01      38.4   155.0   221.0
           2.4E+01    23.9    2.1E+02     212.2   151.0   215.0
           2.4E+01    23.9    8.4E+01      83.5   148.0   216.0
           5.4E+01    54.5    6.6E+02     657.7   146.0   213.0
           5.4E+01    54.5    3.1E+02     311.9   144.0   233.0
           3.5E+01    35.1    5.4E+02     543.6   141.0   232.0
           3.2E+01    32.1    5.6E+02     557.5   138.0   231.0
           5.6E+01    56.0    3.5E+01      34.5   134.0   228.0
           3.4E+01    33.6    1.2E+03    1160.6   132.0   235.0
           2.3E+01    23.1    7.8E+02     779.1   127.0   237.0
           2.5E+01    24.6    4.3E+02     430.5   129.0   233.0
           2.9E+01    29.1    1.3E+03    1329.9   139.0   237.0
           4.0E+01    39.6    9.6E+02     959.0   135.0   224.0
           3.8E+01    38.1    4.5E+02     447.2   140.0   212.0
           3.8E+01    38.1    4.4E+02     438.3   125.0   216.0
           3.4E+01    34.3    6.4E+02     638.8   112.0   221.0
           3.1E+01    30.6    1.8E+02     176.5   109.0   233.0
           2.6E+01    26.1    6.7E+02     673.9   359.0   191.0
           3.5E+01    35.1    9.9E+02     986.3   267.0   197.0
           3.6E+01    35.8    5.0E+00       5.0   280.0   204.0
           4.0E+01    39.6    5.3E+01      52.9   277.0   195.0
           3.6E+01    35.8    6.1E+01      60.7   174.0   209.0
           3.1E+01    31.3    3.3E+02     333.0   185.0   205.0
           4.6E+01    45.5    2.7E+01      26.7   180.0   204.0
           5.7E+01    57.5    2.3E+03    2276.7   168.0   206.0
           1.7E+01    17.2    1.9E+02     192.1   153.0   186.0
           3.2E+01    32.1    9.5E+00       9.5   155.0   183.0
           4.6E+01    45.5    1.5E+03    1532.1   139.0   198.0
           4.9E+01    49.3    2.3E+02     231.7   127.0   184.0
           3.7E+01    36.6    7.1E+01      71.3   125.0   203.0
           4.4E+01    44.0    1.1E+03    1146.1   264.0   155.0
           4.4E+01    44.0    1.5E+03    1505.9   246.0   170.0
           3.4E+01    34.3    1.7E+03    1667.4   252.0   178.0
           4.9E+01    48.5    1.8E+03    1779.3   222.0   155.0
           4.3E+01    43.3    1.3E+03    1334.4   211.0   175.0
           2.5E+01    25.4    7.7E+02     771.3   219.0   174.0
           3.9E+01    38.8    5.0E+02     502.9   181.0   163.0
           4.8E+01    47.8    1.6E+03    1582.8   180.0   166.0
           5.0E+01    50.0    1.3E+03    1280.4   147.0   173.0
           3.4E+01    34.3    5.3E+02     526.8   171.0   167.0
           2.9E+01    29.1    4.4E+02     438.3   112.0   176.0
           4.8E+01    47.8    1.3E+03    1273.7   117.0   165.0
           3.6E+01    35.8    4.0E+02     398.2   432.0   128.0
           2.7E+01    26.9    1.3E+03    1282.6   379.0   146.0
           4.9E+01    49.3    3.7E+02     369.8   269.0   145.0

     Mean   39    39.2      799     798.5   202   277
