
ULP Computer Microscope

Stucture reference data file ALU.DAT - 

Written at 04/11/2008 on 15:52

2 cell types considered

     Integer units are pixels, Floating point units are micron

     Cell Type Outline  (8)

            Perimeter           Area         C of G

           4.9E+02   490.4    6.5E+03    6531.7   252.0   251.0
           1.1E+03   1146.5    5.2E+05   517059.5   120.0   279.0
           9.8E+03   9783.4    1.2E+06   1218589.0   336.0   -30.0
           6.6E+03   6605.1    2.3E+04   23084.1   -48.0    66.0
           8.3E+03   8280.3    2.8E+06   2782547.0   175.0   490.0
           7.6E+03   7643.3    5.2E+06   5180697.0   524.0   443.0
           2.1E+03   2146.5    1.1E+06   1141506.8   626.0   165.0
           7.3E+02   732.5    5.8E+05   581889.7   665.0   261.0

     Mean 4604   4603.5   1431488   1431488.1   331   241

     Cell Type Rhodamine  (236)

            Perimeter           Area         C of G

           4.6E+01    46.4    1.6E+03    1646.7   399.0   262.0
           1.8E+01    18.0    5.3E+02     534.5   396.0   238.0
           2.4E+01    24.1    3.6E+02     355.4   382.0   250.0
           2.3E+01    22.9    5.0E+02     497.7   381.0   251.0
           3.7E+01    36.5    4.1E+02     406.0   371.0   263.0
           3.0E+01    30.3    4.0E+02     400.7   392.0   239.0
           3.1E+01    31.0    4.9E+02     485.0   382.0   236.0
           3.0E+01    29.7    3.9E+02     388.0   373.0   249.0
           5.1E+01    51.4    1.2E+03    1242.6   403.0   235.0
           3.8E+01    38.4    9.7E+02     973.8   404.0   232.0
           3.3E+01    32.8    5.6E+02     563.2   404.0   229.0
           3.2E+01    31.6    1.1E+02     112.7   403.0   227.0
           3.3E+01    33.4    4.9E+02     493.1   403.0   223.0
           3.5E+01    34.7    4.4E+02     439.4   400.0   225.0
           2.8E+01    28.5    4.4E+02     439.4   401.0   221.0
           2.7E+01    26.6    4.0E+02     397.6   402.0   219.0
           3.4E+01    34.1    3.7E+02     373.4   404.0   221.0
           2.4E+01    24.1    3.5E+02     345.4   406.0   222.0
           2.8E+01    28.5    4.2E+02     421.4   407.0   224.0
           3.0E+01    30.3    2.8E+01      28.4   409.0   222.0
           2.6E+01    26.0    4.3E+02     432.9   410.0   224.0
           2.3E+01    22.9    1.9E+02     189.4   409.0   225.0
           4.1E+01    41.5    4.1E+02     412.5   408.0   228.0
           2.3E+01    22.9    5.2E+02     515.3   411.0   228.0
           3.3E+01    33.4    5.7E+02     569.4   414.0   229.0
           3.3E+01    32.8    8.1E+02     814.7   412.0   229.0
           3.8E+01    38.4    1.1E+03    1052.8   413.0   232.0
           3.7E+01    37.2    9.7E+02     965.8   416.0   230.0
           4.5E+01    44.6    1.2E+03    1196.6   417.0   230.0
           4.3E+01    43.3    1.6E+03    1581.2   414.0   224.0
           2.6E+01    26.0    4.7E+02     468.5   411.0   220.0
           3.4E+01    34.1    6.5E+02     654.1   411.0   218.0
           3.2E+01    31.6    5.5E+02     554.4   414.0   219.0
           2.2E+01    21.7    1.3E+02     134.6   412.0   217.0
           3.8E+01    38.4    6.4E+02     642.6   406.0   219.0
           2.7E+01    26.6    3.5E+02     345.8   407.0   216.0
           2.5E+01    25.4    4.4E+02     444.0   406.0   215.0
           3.9E+01    39.0    7.7E+02     766.8   404.0   217.0
           3.0E+01    30.3    5.8E+02     583.9   403.0   215.0
           3.1E+01    31.0    3.6E+02     363.8   405.0   213.0
           3.8E+01    37.8    3.7E+02     366.9   402.0   211.0
           3.7E+01    37.2    2.0E+02     200.9   401.0   209.0
           3.2E+01    31.6    4.0E+02     403.3   402.0   207.0
           3.2E+01    32.2    6.2E+02     616.1   406.0   209.0
           3.3E+01    32.8    2.2E+02     220.8   409.0   209.0
           3.3E+01    32.8    5.5E+02     547.5   409.0   211.0
           2.4E+01    23.5    4.4E+02     443.2   411.0   209.0
           2.8E+01    28.5    3.3E+02     325.5   412.0   212.0
           3.3E+01    33.4    6.7E+02     667.5   412.0   214.0
           3.1E+01    31.0    6.0E+02     603.5   410.0   213.0
           4.1E+01    40.9    7.8E+02     782.5   413.0   210.0
           2.2E+01    22.3    3.9E+02     393.4   413.0   207.0
           2.0E+01    20.4    1.3E+02     125.8   414.0   207.0
           2.5E+01    25.4    3.9E+02     389.9   415.0   210.0
           3.1E+01    31.0    7.6E+02     757.6   416.0   213.0
           4.2E+01    42.1    1.1E+03    1068.5   418.0   206.0
           3.5E+01    35.3    4.7E+02     474.3   418.0   204.0
           3.7E+01    36.5    8.3E+02     828.9   419.0   207.0
           2.1E+01    21.1    5.1E+02     508.0   422.0   205.0
           2.4E+01    23.5    1.9E+02     185.2   422.0   207.0
           3.0E+01    29.7    7.9E+02     790.6   423.0   209.0
           2.7E+01    27.2    3.6E+02     358.1   421.0   208.0
           3.1E+01    31.0    7.3E+02     727.3   419.0   210.0
           3.7E+01    37.2    6.5E+02     649.5   419.0   212.0
           2.9E+01    29.1    4.8E+01      47.5   417.0   214.0
           2.3E+01    22.9    3.6E+02     356.6   417.0   217.0
           3.6E+01    35.9    1.2E+03    1178.2   418.0   218.0
           2.8E+01    27.9    9.4E+02     939.3   420.0   213.0
           3.3E+01    33.4    8.7E+02     866.9   422.0   214.0
           2.0E+01    20.4    7.8E+02     781.0   423.0   215.0
           2.0E+01    19.8    7.1E+02     706.6   424.0   213.0
           2.0E+01    20.4    4.0E+02     401.0   423.0   211.0
           4.0E+01    40.2    1.8E+03    1782.4   426.0   214.0
           2.6E+01    26.0    6.4E+02     643.7   426.0   212.0
           2.0E+01    19.8    7.0E+02     698.6   427.0   209.0
           2.5E+01    25.4    4.6E+02     457.4   429.0   208.0
           2.1E+01    21.1    6.1E+02     612.3   429.0   210.0
           1.8E+01    18.0    6.0E+01      59.8   431.0   206.0
           4.0E+01    39.6    1.6E+03    1562.4   431.0   211.0
           2.7E+01    26.6    9.4E+02     939.0   430.0   216.0
           3.3E+01    32.8    7.0E+02     700.9   428.0   216.0
           3.4E+01    34.1    1.3E+03    1252.6   426.0   218.0
           2.9E+01    29.1    2.0E+02     195.9   424.0   218.0
           2.3E+01    22.9    6.9E+02     689.0   422.0   216.0
           3.6E+01    35.9    1.1E+03    1080.8   420.0   219.0
           2.7E+01    27.2    3.1E+02     312.5   422.0   220.0
           2.2E+01    21.7    6.7E+02     673.6   421.0   221.0
           2.1E+01    21.1    4.6E+02     456.2   419.0   221.0
           2.9E+01    29.1    6.5E+02     648.7   417.0   222.0
           4.0E+01    39.6    1.0E+03    1014.1   419.0   223.0
           2.4E+01    23.5    3.1E+02     305.6   421.0   225.0
           2.5E+01    24.8    3.8E+02     381.9   420.0   226.0
           2.5E+01    24.8    8.7E+02     869.6   421.0   229.0
           2.9E+01    29.1    9.8E+02     983.0   423.0   226.0
           1.7E+01    16.7    4.6E+02     461.6   424.0   224.0
           1.7E+01    17.3    7.0E+02     703.9   425.0   225.0
           2.9E+01    29.1    1.6E+02     164.9   426.0   226.0
           2.3E+01    22.9    2.8E+02     280.7   426.0   228.0
           1.8E+01    18.0    2.4E+02     236.9   425.0   229.0
           2.8E+01    27.9    1.1E+03    1148.3   424.0   232.0
           2.2E+01    21.7    7.0E+02     697.0   425.0   233.0
           2.2E+01    21.7    6.6E+02     660.6   423.0   232.0
           2.5E+01    25.4    1.3E+03    1261.8   423.0   235.0
           3.1E+01    31.0    4.5E+02     447.4   428.0   234.0
           3.3E+01    33.4    1.8E+03    1834.6   431.0   229.0
           3.3E+01    33.4    1.5E+03    1472.3   428.0   222.0
           3.9E+01    39.0    2.0E+03    2029.7   427.0   221.0
           3.5E+01    35.3    1.8E+03    1787.4   429.0   220.0
           2.2E+01    21.7    7.9E+02     790.6   431.0   219.0
           3.0E+01    29.7    4.2E+02     417.5   410.0   207.0
           3.5E+01    34.7    1.8E+02     180.2   433.0   234.0
           2.0E+01    19.8    1.7E+02     170.6   433.0   232.0
           3.7E+01    36.5    2.7E+02     269.5   433.0   227.0
           3.0E+01    30.3    3.6E+02     355.8   437.0   227.0
           2.8E+01    28.5    4.5E+02     449.7   439.0   227.0
           2.4E+01    24.1    3.7E+02     369.2   436.0   230.0
           2.5E+01    24.8    4.2E+02     416.0   435.0   225.0
           2.4E+01    23.5    7.9E+02     794.0   434.0   224.0
           2.7E+01    27.2    3.0E+02     296.8   433.0   221.0
           2.2E+01    22.3    2.3E+02     226.6   436.0   220.0
           3.7E+01    37.2    8.6E+02     856.5   436.0   222.0
           3.2E+01    32.2    3.0E+02     303.7   436.0   217.0
           2.8E+01    27.9    2.5E+02     252.3   434.0   214.0
           3.3E+01    33.4    7.4E+02     743.0   433.0   215.0
           3.3E+01    32.8    8.1E+00       8.1   432.0   211.0
           2.8E+01    27.9    4.3E+01      43.3   436.0   213.0
           3.5E+01    34.7    2.7E+02     274.1   434.0   208.0
           2.9E+01    29.1    3.2E+02     318.6   436.0   207.0
           3.1E+01    31.0    4.4E+02     437.1   439.0   207.0
           3.4E+01    34.1    3.6E+02     359.2   442.0   209.0
           2.9E+01    29.1    8.2E+02     816.6   443.0   211.0
           2.7E+01    27.2    5.8E+02     579.3   446.0   209.0
           2.2E+01    21.7    1.8E+02     184.0   447.0   208.0
           4.0E+01    39.6    9.5E+02     954.3   441.0   216.0
           3.1E+01    31.0    4.3E+02     428.6   445.0   218.0
           2.6E+01    26.0    4.4E+02     437.8   444.0   223.0
           3.3E+01    33.4    1.0E+03    1044.4   446.0   223.0
           3.0E+01    29.7    4.5E+02     450.1   449.0   221.0
           4.2E+01    42.1    1.6E+03    1638.7   450.0   229.0
           2.9E+01    29.1    1.2E+03    1158.6   456.0   228.0
           3.2E+01    32.2    5.8E+02     575.9   445.0   231.0
           2.8E+01    28.5    3.1E+02     314.4   442.0   234.0
           3.8E+01    37.8    1.0E+03     995.3   452.0   213.0
           2.4E+01    24.1    6.2E+02     619.6   438.0   210.0
           3.8E+01    38.4    6.7E+02     673.6   448.0   193.0
           3.9E+01    39.0    1.1E+03    1087.7   452.0   197.0
           3.9E+01    39.0    3.8E+02     379.2   445.0   197.0
           2.5E+01    25.4    2.7E+02     274.9   446.0   200.0
           3.5E+01    35.3    1.0E+03    1000.7   443.0   202.0
           2.4E+01    23.5    3.2E+02     318.2   441.0   199.0
           2.7E+01    26.6    5.4E+02     540.2   441.0   202.0
           3.2E+01    31.6    3.7E+02     373.8   434.0   199.0
           2.7E+01    27.2    5.4E+02     535.6   435.0   201.0
           2.8E+01    27.9    9.7E+01      97.4   433.0   198.0
           2.8E+01    27.9    5.9E+02     587.8   436.0   194.0
           4.0E+01    39.6    4.8E+02     480.8   436.0   185.0
           3.6E+01    35.9    7.1E+02     705.1   448.0   174.0
           3.4E+01    34.1    5.0E+02     496.9   457.0   198.0
           4.1E+01    41.5    1.7E+03    1714.6   458.0   194.0
           4.1E+01    41.5    1.4E+03    1369.5   403.0   204.0
           2.5E+01    24.8    2.7E+02     273.0   406.0   204.0
           2.8E+01    27.9    7.6E+02     755.7   407.0   206.0
           3.8E+01    37.8    7.3E+02     735.0   404.0   201.0
           2.8E+01    28.5    8.5E+02     851.2   412.0   200.0
           2.4E+01    23.5    4.2E+02     420.2   411.0   197.0
           2.7E+01    26.6    5.6E+02     557.5   409.0   190.0
           2.2E+01    22.3    1.4E+02     138.0   412.0   186.0
           3.4E+01    34.1    5.5E+02     553.6   408.0   196.0
           3.0E+01    29.7    9.1E+02     909.0   414.0   196.0
           3.8E+01    37.8    1.2E+03    1196.6   416.0   202.0
           3.3E+01    33.4    1.3E+03    1318.1   420.0   202.0
           2.8E+01    28.5    3.7E+02     368.4   422.0   201.0
           3.8E+01    38.4    2.1E+03    2078.4   422.0   203.0
           2.7E+01    26.6    1.2E+03    1214.2   422.0   197.0
           3.3E+01    33.4    1.1E+03    1058.6   423.0   198.0
           3.2E+01    32.2    8.6E+02     863.8   429.0   201.0
           2.6E+01    26.0    9.2E+02     916.7   428.0   193.0
           1.9E+01    19.2    9.4E+01      94.3   425.0   188.0
           2.8E+01    28.5    1.4E+03    1366.4   423.0   189.0
           3.3E+01    33.4    7.4E+02     744.2   424.0   185.0
           3.0E+01    29.7    7.0E+02     695.9   420.0   191.0
           3.1E+01    31.0    7.7E+02     772.9   427.0   197.0
           2.1E+01    21.1    7.7E+02     769.5   430.0   196.0
           4.0E+01    39.6    1.9E+03    1860.3   426.0   204.0
           3.8E+01    38.4    1.7E+03    1710.0   399.0   201.0
           4.3E+01    43.3    1.8E+03    1785.1   389.0   202.0
           3.0E+01    30.3    1.7E+03    1655.1   398.0   204.0
           2.7E+01    27.2    1.0E+03    1038.6   379.0   202.0
           2.5E+01    24.8    6.8E+02     682.1   380.0   185.0
           3.2E+01    31.6    5.7E+02     574.3   387.0   191.0
           2.1E+01    21.1    1.1E+03    1075.1   399.0   233.0
           4.4E+01    44.0    1.8E+03    1775.5   398.0   218.0
           2.5E+01    24.8    1.1E+03    1087.7   396.0   224.0
           3.3E+01    33.4    1.4E+03    1380.2   396.0   228.0
           3.1E+01    31.0    1.3E+03    1279.0   392.0   231.0
           2.8E+01    28.5    1.4E+03    1415.5   398.0   230.0
           2.6E+01    26.0    8.4E+02     840.8   386.0   225.0
           3.6E+01    35.9    1.4E+03    1395.2   391.0   224.0
           2.2E+01    22.3    9.9E+02     989.9   393.0   225.0
           2.6E+01    26.0    9.1E+02     910.2   392.0   214.0
           4.1E+01    41.5    1.6E+03    1603.4   393.0   216.0
           2.5E+01    25.4    8.9E+02     892.2   397.0   215.0
           3.2E+01    31.6    1.1E+03    1059.7   397.0   221.0
           2.5E+01    25.4    8.5E+02     853.1   395.0   207.0
           2.2E+01    22.3    5.6E+02     563.6   392.0   207.0
           1.6E+01    16.1    3.7E+02     366.9   385.0   215.0
           3.2E+01    31.6    7.4E+02     736.5   388.0   230.0
           4.5E+01    45.2    6.7E+02     670.2   399.0   249.0
           3.8E+01    38.4    8.6E+02     857.7   406.0   251.0
           2.3E+01    22.9    2.9E+02     293.3   417.0   250.0
           2.8E+01    27.9    8.7E+01      86.6   415.0   251.0
           3.4E+01    34.1    1.1E+03    1059.0   411.0   253.0
           3.5E+01    34.7    8.1E+02     808.2   412.0   247.0
           2.3E+01    22.9    4.3E+02     426.0   406.0   238.0
           2.7E+01    27.2    5.1E+02     505.3   404.0   241.0
           2.2E+01    22.3    1.1E+02     108.9   415.0   241.0
           2.8E+01    28.5    7.8E+02     782.1   414.0   244.0
           2.3E+01    22.9    4.4E+02     437.8   415.0   238.0
           2.4E+01    23.5    1.6E+02     164.9   421.0   238.0
           3.0E+01    29.7    5.0E+02     501.5   422.0   240.0
           3.2E+01    32.2    9.5E+02     952.4   418.0   243.0
           2.8E+01    27.9    9.8E+02     975.4   421.0   245.0
           2.7E+01    27.2    6.0E+02     603.5   423.0   243.0
           2.3E+01    22.9    8.5E+02     848.9   425.0   240.0
           2.5E+01    25.4    4.5E+02     448.6   425.0   236.0
           2.9E+01    29.1    6.4E+02     641.8   429.0   239.0
           3.4E+01    34.1    1.2E+03    1158.6   422.0   254.0
           3.9E+01    39.0    1.3E+03    1260.2   426.0   257.0
           3.0E+01    29.7    8.2E+02     822.4   421.0   264.0
           3.5E+01    35.3    1.4E+03    1418.6   423.0   266.0
           3.2E+01    31.6    9.1E+02     914.8   413.0   259.0
           3.3E+01    32.8    1.5E+02     153.4   406.0   258.0
           4.6E+01    45.8    6.9E+02     693.6   438.0   237.0
           4.0E+01    40.2    2.3E+02     227.7   445.0   241.0
           3.2E+01    32.2    8.9E+02     886.8   453.0   240.0
           5.7E+01    57.0    2.1E+03    2071.9   445.0   255.0

     Mean   30    30.3      706     705.8   419   219

     Cell Type Fluoroscein  (359)

            Perimeter           Area         C of G

           3.1E+01    31.0    1.9E+02     186.7   371.0   263.0
           2.9E+01    29.1    7.9E+02     785.2   374.0   265.0
           2.3E+01    22.9    4.4E+02     439.4   374.0   262.0
           2.3E+01    22.9    1.3E+02     133.0   375.0   263.0
           2.6E+01    26.0    8.3E+02     827.4   376.0   261.0
           2.2E+01    22.3    5.5E+02     545.6   378.0   262.0
           2.9E+01    29.1    9.3E+02     930.1   379.0   264.0
           1.8E+01    18.0    4.6E+02     456.6   381.0   263.0
           2.3E+01    22.9    4.5E+02     447.4   380.0   261.0
           2.8E+01    28.5    7.5E+02     751.1   382.0   263.0
           2.1E+01    21.1    5.0E+02     496.5   383.0   265.0
           2.5E+01    25.4    8.3E+02     830.1   382.0   266.0
           2.4E+01    23.5    9.7E+02     971.5   385.0   265.0
           2.5E+01    24.8    1.1E+03    1108.8   386.0   266.0
           1.9E+01    19.2    6.6E+02     657.5   387.0   265.0
           1.9E+01    19.2    5.5E+02     550.9   388.0   266.0
           3.6E+01    35.9    1.4E+03    1432.8   390.0   265.0
           3.0E+01    29.7    6.9E+02     686.3   392.0   265.0
           3.2E+01    31.6    8.2E+02     820.5   395.0   265.0
           2.9E+01    29.1    1.4E+03    1422.4   396.0   264.0
           3.7E+01    37.2    1.6E+03    1565.8   398.0   259.0
           2.7E+01    26.6    1.2E+03    1152.5   397.0   258.0
           3.4E+01    34.1    1.5E+03    1514.4   398.0   256.0
           2.8E+01    28.5    1.2E+03    1176.3   396.0   254.0
           2.3E+01    22.9    5.2E+02     524.5   394.0   255.0
           2.5E+01    25.4    8.5E+02     850.8   393.0   254.0
           2.8E+01    28.5    9.3E+02     925.9   393.0   252.0
           3.0E+01    30.3    8.8E+02     882.2   397.0   252.0
           3.0E+01    29.7    7.2E+02     715.0   392.0   256.0
           2.7E+01    26.6    7.8E+02     775.2   391.0   257.0
           2.5E+01    25.4    6.9E+02     685.9   393.0   257.0
           3.3E+01    33.4    1.1E+03    1129.5   393.0   260.0
           2.5E+01    24.8    2.4E+02     236.9   394.0   259.0
           2.0E+01    20.4    3.1E+02     314.0   391.0   260.0
           2.8E+01    27.9    2.8E+02     275.7   388.0   256.0
           3.2E+01    32.2    4.3E+02     430.6   386.0   258.0
           3.2E+01    31.6    8.5E+02     854.2   387.0   260.0
           2.7E+01    27.2    3.5E+02     349.7   383.0   257.0
           2.6E+01    26.0    6.0E+02     597.0   384.0   256.0
           2.4E+01    23.5    6.0E+02     602.3   385.0   255.0
           2.4E+01    24.1    8.3E+02     832.8   385.0   252.0
           2.0E+01    20.4    5.3E+02     529.5   386.0   252.0
           1.7E+01    16.7    1.2E+02     121.2   386.0   251.0
           2.2E+01    21.7    6.3E+02     628.4   385.0   251.0
           2.3E+01    22.9    6.4E+02     640.3   385.0   249.0
           2.0E+01    20.4    6.0E+02     598.1   386.0   249.0
           2.4E+01    23.5    2.5E+02     247.7   386.0   247.0
           2.3E+01    22.9    4.2E+00       4.2   382.0   255.0
           1.7E+01    16.7    4.6E+02     455.1   381.0   256.0
           2.0E+01    19.8    3.8E+02     379.2   381.0   257.0
           1.7E+01    17.3    2.5E+02     251.5   380.0   258.0
           2.2E+01    22.3    5.7E+02     567.1   378.0   258.0
           2.4E+01    24.1    3.0E+02     296.8   378.0   255.0
           1.5E+01    14.9    3.8E+02     382.6   379.0   254.0
           1.7E+01    17.3    2.7E+02     270.3   381.0   253.0
           3.0E+01    29.7    6.6E+02     658.3   375.0   253.0
           2.2E+01    21.7    7.6E+01      76.3   373.0   254.0
           2.7E+01    27.2    2.1E+02     206.3   371.0   254.0
           4.8E+01    47.7    8.1E+02     807.1   375.0   259.0
           3.0E+01    30.3    1.0E+01      10.4   373.0   256.0
           2.7E+01    26.6    6.1E+02     608.1   373.0   258.0
           3.5E+01    35.3    4.4E+02     437.8   370.0   251.0
           2.4E+01    24.1    2.6E+02     263.4   372.0   250.0
           2.8E+01    27.9    5.6E+02     559.0   370.0   247.0
           1.3E+01    13.0    2.3E+02     228.5   374.0   248.0
           3.5E+01    34.7    7.5E+02     752.2   377.0   250.0
           2.4E+01    23.5    2.5E+02     254.2   379.0   249.0
           2.0E+01    19.8    5.2E+01      51.8   380.0   247.0
           2.3E+01    22.9    3.5E+02     352.7   378.0   246.0
           2.1E+01    21.1    5.5E+02     547.9   381.0   248.0
           2.2E+01    22.3    1.7E+02     174.8   375.0   244.0
           2.7E+01    27.2    5.8E+02     579.7   376.0   247.0
           2.0E+01    19.8    1.8E+02     180.6   372.0   246.0
           3.0E+01    29.7    3.2E+02     322.4   371.0   243.0
           3.2E+01    31.6    3.5E+02     351.6   372.0   240.0
           2.3E+01    22.9    2.4E+02     235.8   374.0   241.0
           2.6E+01    26.0    3.6E+02     362.7   375.0   243.0
           2.6E+01    26.0    1.3E+02     131.9   376.0   241.0
           2.3E+01    22.9    2.6E+02     260.7   373.0   237.0
           1.7E+01    17.3    1.8E+02     175.2   378.0   238.0
           1.9E+01    18.6    3.0E+01      30.3   380.0   239.0
           3.0E+01    30.3    2.2E+02     218.2   380.0   241.0
           2.3E+01    22.9    3.6E+02     363.5   379.0   243.0
           2.3E+01    22.9    6.1E+02     611.9   382.0   245.0
           2.4E+01    23.5    7.1E+02     708.9   383.0   245.0
           2.4E+01    23.5    1.8E+02     180.6   382.0   242.0
           1.7E+01    16.7    1.8E+02     184.4   382.0   241.0
           1.5E+01    15.5    3.0E+02     302.9   382.0   238.0
           2.0E+01    19.8    2.5E+02     251.9   384.0   239.0
           2.8E+01    28.5    7.3E+02     728.5   384.0   242.0
           2.9E+01    29.1    6.2E+02     618.4   385.0   236.0
           2.3E+01    22.9    4.0E+02     396.1   388.0   237.0
           2.1E+01    21.1    3.8E+01      38.3   387.0   235.0
           3.3E+01    33.4    3.6E+02     356.6   386.0   241.0
           2.8E+01    28.5    4.3E+02     429.4   387.0   244.0
           2.4E+01    24.1    4.6E+02     462.4   386.0   244.0
           2.6E+01    26.0    3.9E+02     388.8   389.0   245.0
           2.0E+01    19.8    7.1E+01      71.3   389.0   246.0
           2.5E+01    25.4    9.1E+02     907.1   390.0   248.0
           2.3E+01    22.9    5.7E+02     568.6   389.0   240.0
           2.2E+01    21.7    6.2E+02     615.4   391.0   239.0
           1.9E+01    19.2    2.0E+02     195.2   391.0   237.0
           2.0E+01    20.4    4.8E+02     476.2   392.0   246.0
           2.4E+01    24.1    5.0E+02     501.1   393.0   244.0
           2.3E+01    22.9    6.1E+02     609.6   392.0   242.0
           2.7E+01    27.2    2.4E+02     240.4   394.0   242.0
           1.9E+01    18.6    2.1E+02     212.4   395.0   240.0
           2.0E+01    20.4    8.4E+00       8.4   396.0   242.0
           2.4E+01    23.5    5.2E+02     515.7   394.0   246.0
           2.7E+01    26.6    9.0E+02     903.7   395.0   247.0
           2.6E+01    26.0    7.8E+02     782.9   398.0   247.0
           2.8E+01    27.9    8.7E+02     874.2   400.0   247.0
           1.7E+01    16.7    4.3E+02     430.2   398.0   243.0
           2.4E+01    24.1    8.8E+02     878.0   396.0   244.0
           2.0E+01    20.4    7.2E+02     715.8   397.0   241.0
           1.9E+01    19.2    8.8E+02     876.1   400.0   243.0
           1.9E+01    18.6    6.4E+02     635.3   399.0   236.0
           2.6E+01    26.0    7.4E+02     736.5   398.0   236.0
           2.5E+01    24.8    8.9E+02     892.6   386.0   260.0
           5.5E+01    55.1    1.0E+03    1043.2   409.0   234.0
           3.7E+01    36.5    8.0E+02     804.0   412.0   234.0
           3.1E+01    31.0    4.5E+02     449.0   405.0   234.0
           2.5E+01    25.4    7.7E+02     773.7   405.0   236.0
           3.4E+01    34.1    6.2E+02     624.2   402.0   231.0
           3.3E+01    33.4    3.6E+02     363.5   403.0   230.0
           3.6E+01    35.9    3.6E+02     363.1   401.0   234.0
           2.8E+01    27.9    5.0E+02     501.9   406.0   230.0
           3.1E+01    31.0    3.9E+02     389.2   406.0   232.0
           3.2E+01    31.6    7.7E+02     769.5   403.0   232.0
           5.3E+01    53.3    1.2E+03    1218.5   408.0   228.0
           3.2E+01    31.6    4.0E+02     401.4   409.0   225.0
           2.4E+01    23.5    4.9E+02     490.0   410.0   223.0
           3.5E+01    35.3    3.4E+02     344.3   401.0   219.0
           3.2E+01    31.6    5.7E+02     569.7   401.0   225.0
           2.8E+01    28.5    3.1E+02     314.0   408.0   214.0
           3.3E+01    32.8    7.2E+02     721.9   412.0   217.0
           3.0E+01    30.3    7.0E+02     700.1   415.0   221.0
           2.6E+01    26.0    2.1E+02     213.9   418.0   230.0
           3.2E+01    31.6    1.4E+03    1438.1   416.0   234.0
           2.7E+01    26.6    9.2E+02     916.7   424.0   216.0
           3.4E+01    34.1    9.7E+02     969.2   419.0   217.0
           4.2E+01    42.1    1.8E+03    1803.1   425.0   227.0
           3.8E+01    38.4    1.1E+03    1091.5   423.0   226.0
           3.0E+01    29.7    3.2E+02     323.2   424.0   231.0
           2.3E+01    22.9    5.8E+02     584.3   423.0   232.0
           3.3E+01    32.8    1.8E+02     175.2   402.0   210.0
           5.1E+01    50.8    1.5E+03    1465.7   450.0   228.0
           4.3E+01    43.3    6.3E+02     631.5   434.0   224.0
           4.4E+01    44.0    1.3E+03    1266.0   438.0   233.0
           2.4E+01    24.1    2.3E+02     227.0   439.0   214.0
           2.7E+01    27.2    2.6E+02     261.1   441.0   212.0
           2.9E+01    29.1    2.4E+02     239.6   433.0   208.0
           2.2E+01    21.7    4.5E+02     450.5   441.0   215.0
           3.7E+01    37.2    9.6E+02     956.2   455.0   179.0
           3.0E+01    29.7    1.0E+03    1028.7   446.0   200.0
           3.8E+01    38.4    1.3E+03    1299.7   420.0   200.0
           2.8E+01    28.5    1.2E+03    1242.2   427.0   185.0
           2.8E+01    27.9    1.3E+03    1315.1   388.0   204.0
           2.5E+01    24.8    1.1E+03    1069.7   391.0   204.0
           2.5E+01    25.4    7.5E+02     751.9   376.0   238.0
           2.6E+01    26.0    9.1E+02     907.9   377.0   234.0
           2.4E+01    23.5    3.3E+02     325.1   377.0   231.0
           3.2E+01    32.2    1.4E+03    1413.6   375.0   233.0
           2.2E+01    22.3    1.6E+02     155.7   374.0   230.0
           2.6E+01    26.0    9.5E+02     951.2   372.0   230.0
           2.2E+01    21.7    7.5E+02     745.7   380.0   230.0
           2.4E+01    23.5    4.5E+02     452.8   381.0   228.0
           2.8E+01    27.9    9.1E+02     914.0   380.0   226.0
           3.2E+01    32.2    3.9E+02     391.5   384.0   227.0
           3.0E+01    29.7    6.6E+02     660.6   387.0   230.0
           2.3E+01    22.9    5.9E+02     593.5   387.0   234.0
           3.0E+01    29.7    7.3E+02     726.2   390.0   231.0
           3.0E+01    30.3    9.1E+02     911.0   391.0   232.0
           3.4E+01    34.1    1.1E+02     110.8   392.0   233.0
           2.2E+01    21.7    1.1E+03    1134.9   392.0   234.0
           4.1E+01    41.5    2.4E+03    2425.4   389.0   236.0
           2.7E+01    26.6    1.1E+03    1080.8   394.0   234.0
           3.2E+01    31.6    1.4E+03    1409.0   396.0   234.0
           2.6E+01    26.0    6.3E+02     625.7   396.0   230.0
           2.2E+01    22.3    9.2E+02     916.7   398.0   233.0
           3.1E+01    31.0    5.6E+02     563.2   398.0   226.0
           2.3E+01    22.9    7.5E+02     753.0   399.0   228.0
           3.0E+01    29.7    1.1E+03    1085.0   394.0   225.0
           2.9E+01    29.1    1.3E+03    1302.0   395.0   224.0
           2.7E+01    27.2    9.0E+02     895.6   394.0   221.0
           2.5E+01    24.8    4.6E+02     462.4   398.0   220.0
           3.0E+01    29.7    9.5E+02     947.8   398.0   223.0
           2.6E+01    26.0    5.0E+02     500.0   390.0   225.0
           3.2E+01    31.6    2.2E+02     220.1   379.0   221.0
           4.0E+01    40.2    2.2E+02     222.0   374.0   219.0
           2.7E+01    26.6    1.9E+02     193.2   370.0   209.0
           3.8E+01    37.8    9.6E+02     964.6   396.0   218.0
           3.0E+01    30.3    8.8E+01      88.2   396.0   231.0
           2.0E+01    19.8    6.2E+02     615.7   385.0   232.0
           3.8E+01    38.4    3.8E+02     382.3   401.0   263.0
           2.4E+01    24.1    6.8E+02     679.0   403.0   259.0
           2.9E+01    29.1    9.2E+02     919.4   404.0   262.0
           4.1E+01    41.5    5.2E+01      51.8   405.0   258.0
           2.7E+01    26.6    6.6E+01      65.6   403.0   253.0
           4.8E+01    48.3    1.4E+03    1414.4   402.0   256.0
           3.5E+01    35.3    4.9E+02     486.5   400.0   252.0
           3.7E+01    36.5    5.0E+02     501.1   409.0   253.0
           4.0E+01    40.2    8.0E+02     796.7   407.0   251.0
           2.7E+01    26.6    7.0E+02     700.5   413.0   252.0
           3.0E+01    30.3    4.6E+02     457.4   415.0   252.0
           4.4E+01    44.0    7.4E+02     740.4   421.0   263.0
           3.9E+01    39.0    1.7E+03    1667.0   417.0   266.0
           3.4E+01    34.1    1.6E+03    1613.0   430.0   255.0
           3.9E+01    39.0    1.2E+03    1246.4   411.0   255.0
           2.9E+01    29.1    4.5E+02     452.8   412.0   244.0
           2.7E+01    26.6    5.6E+02     559.0   411.0   245.0
           3.2E+01    32.2    6.1E+02     613.8   408.0   243.0
           5.0E+01    49.5    8.0E+02     797.1   402.0   246.0
           3.4E+01    34.1    5.3E+02     529.5   401.0   240.0
           2.8E+01    28.5    2.8E+02     279.9   402.0   237.0
           2.5E+01    24.8    2.7E+02     271.4   404.0   239.0
           3.1E+01    31.0    2.8E+02     277.2   404.0   238.0
           3.6E+01    35.9    1.1E+03    1113.4   421.0   240.0
           2.8E+01    27.9    9.1E+02     913.3   423.0   243.0
           3.0E+01    30.3    8.6E+02     858.1   429.0   236.0
           1.9E+01    18.6    5.1E+02     509.2   429.0   238.0
           2.7E+01    26.6    1.9E+02     187.5   439.0   259.0
           3.4E+01    34.1    4.6E+02     456.6   444.0   255.0
           3.4E+01    34.1    1.6E+03    1589.6   456.0   261.0
           3.9E+01    39.0    1.1E+03    1138.3   456.0   242.0
           2.4E+01    24.1    5.7E+02     566.7   448.0   239.0
           3.6E+01    35.9    2.3E+02     232.7   432.0   236.0
           3.5E+01    35.3    1.6E+03    1558.9   366.0   218.0
           2.7E+01    26.6    1.5E+03    1467.7   367.0   217.0
           3.8E+01    37.8    1.2E+03    1238.0   368.0   230.0
           3.7E+01    36.5    1.8E+03    1826.1   366.0   231.0
           2.4E+01    24.1    1.0E+03    1039.0   365.0   229.0
           2.1E+01    21.1    7.5E+02     747.3   363.0   229.0
           5.0E+01    50.2    2.7E+03    2675.8   365.0   232.0
           2.8E+01    27.9    1.0E+03    1025.6   368.0   233.0
           3.0E+01    29.7    1.5E+03    1532.1   368.0   235.0
           3.2E+01    32.2    8.0E+02     795.9   353.0   231.0
           2.5E+01    24.8    4.1E+02     410.6   355.0   235.0
           2.5E+01    24.8    5.2E+02     520.3   357.0   230.0
           2.2E+01    21.7    1.1E+03    1093.5   361.0   235.0
           2.4E+01    24.1    5.1E+02     512.2   361.0   223.0
           3.5E+01    34.7    1.5E+03    1488.0   359.0   226.0
           5.3E+01    53.3    1.9E+03    1914.3   353.0   227.0
           3.8E+01    37.8    1.8E+03    1810.0   370.0   220.0
           2.5E+01    25.4    6.4E+02     640.3   368.0   256.0
           3.7E+01    37.2    1.1E+03    1120.3   366.0   257.0
           2.8E+01    28.5    1.2E+03    1181.3   369.0   261.0
           3.3E+01    32.8    1.8E+03    1794.3   365.0   265.0
           2.8E+01    27.9    7.7E+02     770.6   361.0   266.0
           2.2E+01    21.7    6.6E+02     662.9   360.0   265.0
           3.2E+01    32.2    1.3E+03    1334.2   359.0   261.0
           3.0E+01    29.7    1.1E+03    1122.6   364.0   256.0
           3.2E+01    32.2    5.3E+02     533.7   361.0   256.0
           3.0E+01    30.3    1.5E+03    1548.2   361.0   254.0
           3.5E+01    35.3    9.9E+02     988.4   364.0   254.0
           2.4E+01    24.1    1.1E+03    1050.9   365.0   252.0
           2.7E+01    27.2    1.2E+03    1172.8   364.0   250.0
           2.5E+01    24.8    1.0E+03    1033.7   367.0   250.0
           1.9E+01    18.6    7.5E+02     751.5   366.0   248.0
           2.7E+01    27.2    8.2E+02     820.9   368.0   247.0
           3.0E+01    30.3    8.0E+02     796.3   364.0   245.0
           3.4E+01    34.1    1.1E+03    1056.3   365.0   243.0
           1.7E+01    16.7    4.5E+02     452.4   367.0   243.0
           2.7E+01    26.6    9.4E+02     936.7   368.0   245.0
           3.7E+01    36.5    1.2E+03    1232.3   367.0   238.0
           2.5E+01    24.8    4.9E+02     490.0   367.0   236.0
           2.8E+01    27.9    7.6E+02     755.3   364.0   237.0
           3.2E+01    32.2    1.0E+03    1036.3   362.0   239.0
           2.8E+01    27.9    7.0E+02     696.6   362.0   237.0
           2.4E+01    23.5    1.2E+02     121.2   361.0   240.0
           3.1E+01    31.0    7.5E+02     751.9   359.0   238.0
           3.0E+01    30.3    2.7E+02     269.5   357.0   236.0
           2.9E+01    29.1    7.7E+02     767.2   356.0   240.0
           3.3E+01    32.8    3.5E+02     349.3   355.0   241.0
           5.1E+01    50.8    1.3E+03    1341.9   356.0   245.0
           2.5E+01    24.8    5.2E+02     523.3   360.0   246.0
           2.5E+01    25.4    5.0E+02     498.0   362.0   246.0
           1.8E+01    18.0    5.4E+02     543.3   363.0   248.0
           3.3E+01    32.8    1.1E+03    1083.9   362.0   249.0
           2.1E+01    21.1    1.4E+02     144.2   361.0   247.0
           2.5E+01    25.4    6.9E+02     689.7   357.0   248.0
           2.6E+01    26.0    5.7E+02     565.1   355.0   257.0
           1.7E+01    16.7    1.6E+02     155.3   351.0   254.0
           3.8E+01    38.4    9.2E+02     924.4   349.0   254.0
           3.5E+01    35.3    7.1E+02     713.9   350.0   246.0
           3.5E+01    35.3    6.6E+02     656.4   343.0   240.0
           2.2E+01    22.3    5.2E+02     520.3   350.0   238.0
           2.6E+01    26.0    7.8E+02     778.7   355.0   262.0
           2.9E+01    29.1    1.5E+03    1468.4   361.0   263.0
           3.9E+01    39.0    1.2E+03    1243.8   354.0   266.0
           3.4E+01    34.1    1.2E+03    1150.6   365.0   271.0
           2.3E+01    22.9    8.0E+02     803.2   361.0   273.0
           2.8E+01    28.5    3.3E+02     333.6   353.0   275.0
           4.6E+01    46.4    1.5E+03    1488.0   353.0   278.0
           3.4E+01    34.1    8.5E+02     854.6   363.0   279.0
           4.0E+01    39.6    1.0E+03    1047.5   368.0   271.0
           3.8E+01    37.8    8.7E+01      86.6   368.0   268.0
           2.5E+01    24.8    6.5E+02     651.4   368.0   274.0
           4.1E+01    41.5    8.0E+02     795.6   360.0   267.0
           2.2E+01    21.7    3.9E+02     388.4   356.0   267.0
           3.3E+01    33.4    1.7E+03    1696.9   369.0   284.0
           3.3E+01    32.8    8.3E+02     834.3   393.0   267.0
           3.0E+01    29.7    3.5E+02     347.7   394.0   268.0
           2.5E+01    24.8    9.1E+02     911.3   391.0   269.0
           2.3E+01    22.9    7.2E+02     724.2   389.0   269.0
           2.9E+01    29.1    5.6E+02     561.3   387.0   269.0
           3.1E+01    31.0    7.3E+02     731.5   383.0   269.0
           2.8E+01    28.5    3.9E+02     387.2   381.0   267.0
           2.8E+01    28.5    2.5E+02     247.3   376.0   267.0
           3.5E+01    35.3    7.7E+01      76.7   374.0   267.0
           3.4E+01    34.1    3.6E+02     358.1   371.0   268.0
           3.5E+01    35.3    2.0E+02     201.3   372.0   270.0
           2.5E+01    24.8    1.5E+02     154.9   373.0   270.0
           3.0E+01    29.7    1.3E+02     128.4   372.0   272.0
           4.1E+01    40.9    7.3E+02     726.5   371.0   274.0
           2.4E+01    23.5    2.2E+02     221.6   377.0   271.0
           2.5E+01    24.8    4.9E+02     486.2   376.0   272.0
           3.8E+01    37.8    6.0E+02     597.0   375.0   273.0
           2.4E+01    24.1    2.1E+02     212.4   379.0   272.0
           1.8E+01    18.0    2.7E+02     271.1   379.0   274.0
           3.6E+01    35.9    9.9E+02     990.3   378.0   274.0
           2.8E+01    28.5    4.6E+02     464.7   381.0   273.0
           2.0E+01    20.4    2.3E+02     232.0   384.0   274.0
           2.1E+01    21.1    6.3E+02     628.0   384.0   276.0
           2.1E+01    21.1    3.3E+02     325.9   386.0   274.0
           2.2E+01    21.7    6.1E+02     612.3   388.0   274.0
           3.0E+01    30.3    5.2E+02     524.5   391.0   275.0
           3.1E+01    31.0    1.5E+02     153.0   392.0   274.0
           2.2E+01    21.7    5.4E+02     542.5   391.0   277.0
           2.6E+01    26.0    5.6E+02     563.2   383.0   278.0
           2.6E+01    26.0    1.3E+02     126.1   377.0   277.0
           3.8E+01    37.8    1.2E+03    1197.4   378.0   283.0
           3.3E+01    33.4    1.4E+02     139.2   380.0   283.0
           3.0E+01    29.7    5.9E+02     590.8   373.0   285.0
           3.4E+01    34.1    9.6E+02     962.3   376.0   287.0
           4.8E+01    47.7    1.4E+03    1376.8   382.0   292.0
           3.7E+01    37.2    1.1E+03    1087.3   388.0   294.0
           4.3E+01    42.7    1.5E+03    1478.0   392.0   286.0
           2.6E+01    26.0    1.2E+03    1198.1   393.0   284.0
           2.4E+01    23.5    1.0E+03    1000.7   391.0   283.0
           2.0E+01    20.4    3.2E+02     316.3   390.0   281.0
           3.6E+01    35.9    1.3E+03    1269.8   389.0   286.0
           3.1E+01    31.0    1.4E+03    1374.5   397.0   289.0
           2.6E+01    26.0    1.1E+03    1066.6   397.0   277.0
           2.9E+01    29.1    9.0E+02     901.0   396.0   270.0
           2.6E+01    26.0    1.9E+02     189.0   400.0   271.0
           3.3E+01    32.8    7.4E+02     745.0   395.0   272.0
           3.2E+01    32.2    6.7E+02     672.1   425.0   267.0
           3.8E+01    38.4    1.4E+03    1379.5   426.0   274.0
           2.5E+01    24.8    9.3E+02     925.5   420.0   270.0
           2.8E+01    28.5    6.7E+02     667.5   414.0   274.0
           2.7E+01    26.6    6.1E+02     610.4   409.0   274.0
           2.7E+01    27.2    9.4E+01      94.3   404.0   276.0
           4.1E+01    41.5    4.1E+02     411.8   411.0   290.0
           2.4E+01    24.1    4.2E+02     420.6   403.0   272.0
           4.0E+01    39.6    5.4E+02     536.4   404.0   270.0
           5.3E+01    53.3    1.4E+03    1373.0   417.0   308.0
           3.6E+01    35.9    1.3E+03    1274.0   394.0   309.0
           3.0E+01    29.7    4.6E+02     463.2   378.0   311.0

     Mean   29    28.7      694     694.0   387   249
