Stucture reference data file ALU.DAT - 
Written at 21/11/2008 on 12:48

 Cell types 2

     Cell Type Outline  (6)

           5.4E+02   541.4    3.2E+04   31887.7   271.0   366.0
           7.4E+03   7375.8    1.4E+06   1366952.0    45.0   359.0
           6.0E+03   5974.5    2.7E+06   2730658.4   184.0   689.0
           7.8E+03   7789.8    5.8E+06   5811513.7   534.0   550.0
           7.0E+03   6987.3    1.8E+06   1767455.1   498.0   168.0
           5.6E+03   5586.0    7.6E+05   755689.9   124.0    22.0

     Mean 5709   5709.1   2077359   2077359.5   276   359

     Cell Type Rhodamine  (294)

           3.8E+01    38.4    8.2E+02     821.2   229.0   319.0
           4.2E+01    42.1    7.0E+02     697.0   226.0   314.0
           2.7E+01    27.2    7.1E+02     708.5   229.0   314.0
           2.7E+01    27.2    5.6E+02     555.2   224.0   314.0
           3.6E+01    35.9    8.3E+02     826.6   219.0   312.0
           3.7E+01    37.2    3.7E+01      37.2   219.0   309.0
           3.5E+01    34.7    5.1E+02     506.1   217.0   307.0
           2.9E+01    29.1    6.4E+02     640.7   222.0   302.0
           3.7E+01    37.2    4.4E+02     440.1   222.0   299.0
           2.5E+01    25.4    2.7E+02     268.4   218.0   300.0
           3.5E+01    34.7    3.8E+02     376.9   218.0   297.0
           3.8E+01    38.4    4.4E+02     439.4   224.0   306.0
           4.6E+01    45.8    8.3E+02     825.1   223.0   309.0
           3.5E+01    35.3    8.8E+02     878.4   229.0   311.0
           3.8E+01    37.8    8.5E+02     845.8   230.0   311.0
           3.7E+01    36.5    1.2E+03    1229.6   231.0   309.0
           3.8E+01    37.8    8.6E+02     857.7   230.0   306.0
           3.8E+01    38.4    1.2E+03    1151.0   231.0   303.0
           3.5E+01    35.3    7.0E+02     703.5   230.0   301.0
           3.5E+01    34.7    9.9E+02     987.3   234.0   326.0
           3.5E+01    35.3    8.8E+02     875.3   233.0   324.0
           3.6E+01    35.9    1.5E+03    1542.8   232.0   323.0
           3.5E+01    35.3    9.9E+02     986.5   233.0   321.0
           2.8E+01    27.9    9.3E+02     928.6   231.0   320.0
           3.3E+01    32.8    1.0E+03     996.1   230.0   316.0
           4.3E+01    43.3    1.4E+03    1446.2   233.0   313.0
           2.6E+01    26.0    1.0E+03    1005.3   235.0   320.0
           3.3E+01    32.8    8.9E+02     885.7   234.0   317.0
           5.3E+01    53.3    4.8E+02     483.5   235.0   315.0
           3.3E+01    33.4    1.4E+03    1358.4   237.0   328.0
           2.4E+01    24.1    1.0E+03     999.1   237.0   325.0
           3.4E+01    34.1    1.3E+03    1312.8   242.0   328.0
           3.4E+01    34.1    8.9E+02     893.3   243.0   325.0
           4.4E+01    44.0    1.8E+03    1821.5   240.0   324.0
           3.0E+01    29.7    1.3E+03    1329.6   240.0   322.0
           2.9E+01    29.1    1.1E+03    1123.4   242.0   319.0
           2.0E+01    20.4    4.0E+02     399.1   244.0   321.0
           2.8E+01    27.9    1.3E+03    1279.0   243.0   323.0
           3.2E+01    32.2    9.4E+02     936.7   244.0   319.0
           4.0E+01    40.2    1.7E+03    1662.4   245.0   321.0
           4.0E+01    39.6    1.4E+03    1368.4   240.0   316.0
           4.3E+01    42.7    1.7E+03    1743.7   239.0   312.0
           4.3E+01    42.7    1.0E+03    1024.5   237.0   310.0
           3.8E+01    37.8    1.2E+03    1193.5   240.0   311.0
           3.5E+01    35.3    1.6E+03    1586.9   243.0   312.0
           4.2E+01    42.1    1.9E+03    1867.9   244.0   310.0
           3.5E+01    34.7    7.2E+02     715.4   241.0   304.0
           3.2E+01    32.2    8.3E+02     833.5   240.0   304.0
           3.3E+01    32.8    1.0E+03    1019.9   240.0   306.0
           4.4E+01    44.0    1.4E+03    1385.6   237.0   304.0
           3.8E+01    38.4    9.4E+02     935.1   236.0   303.0
           4.3E+01    43.3    5.3E+02     527.6   233.0   304.0
           5.6E+01    55.7    6.0E+02     602.3   235.0   309.0
           3.2E+01    32.2    8.9E+02     889.9   236.0   301.0
           2.8E+01    28.5    2.2E+02     221.6   241.0   299.0
           3.9E+01    39.0    1.5E+03    1458.1   242.0   301.0
           2.4E+01    23.5    4.9E+02     491.9   244.0   298.0
           3.7E+01    36.5    5.0E+02     504.2   219.0   307.0
           5.0E+01    50.2    6.9E+02     692.0   216.0   293.0
           4.4E+01    44.0    5.9E+02     589.3   218.0   292.0
           2.9E+01    29.1    4.1E+02     406.4   220.0   293.0
           4.2E+01    42.1    1.2E+03    1198.5   228.0   296.0
           3.4E+01    34.1    1.2E+03    1196.6   227.0   290.0
           3.7E+01    37.2    1.1E+03    1065.1   229.0   292.0
           4.7E+01    47.1    1.6E+03    1563.1   228.0   288.0
           2.8E+01    27.9    7.8E+02     777.2   225.0   287.0
           3.2E+01    32.2    4.5E+02     448.6   227.0   281.0
           3.3E+01    33.4    6.4E+02     639.9   228.0   285.0
           4.1E+01    41.5    3.2E+02     315.5   218.0   270.0
           3.6E+01    35.9    1.1E+03    1101.9   242.0   278.0
           3.3E+01    33.4    3.0E+02     297.9   244.0   278.0
           3.2E+01    31.6    1.6E+02     158.0   241.0   282.0
           3.3E+01    33.4    1.9E+03    1904.0   243.0   290.0
           2.4E+01    24.1    5.9E+02     587.4   245.0   291.0
           4.0E+01    40.2    1.4E+03    1354.6   241.0   295.0
           2.3E+01    22.9    1.1E+03    1125.7   242.0   297.0
           2.5E+01    25.4    4.9E+02     486.2   237.0   297.0
           3.3E+01    33.4    7.3E+02     730.8   232.0   295.0
           3.5E+01    34.7    8.6E+02     855.8   235.0   277.0
           3.3E+01    32.8    6.7E+02     669.8   233.0   288.0
           5.4E+01    54.5    1.6E+03    1577.7   217.0   262.0
           6.9E+01    69.3    2.5E+03    2516.3   228.0   252.0
           2.4E+01    23.5    8.4E+01      83.6   223.0   240.0
           3.7E+01    36.5    8.4E+02     838.1   220.0   249.0
           4.6E+01    46.4    1.5E+03    1548.6   239.0   250.0
           3.0E+01    30.3    1.2E+03    1185.9   243.0   251.0
           3.3E+01    32.8    5.3E+02     531.4   230.0   236.0
           4.2E+01    42.1    1.0E+03    1011.8   228.0   220.0
           4.0E+01    40.2    1.1E+03    1088.5   234.0   220.0
           4.0E+01    40.2    1.0E+03    1048.2   219.0   231.0
           3.0E+01    29.7    1.2E+03    1175.1   240.0   235.0
           4.4E+01    44.0    1.1E+03    1078.9   239.0   205.0
           2.8E+01    28.5    4.9E+02     489.6   233.0   197.0
           3.5E+01    35.3    5.6E+02     560.2   262.0   356.0
           4.0E+01    39.6    9.0E+02     903.7   258.0   354.0
           3.2E+01    32.2    9.6E+02     961.6   256.0   355.0
           4.1E+01    41.5    1.4E+03    1415.5   256.0   357.0
           2.9E+01    29.1    3.6E+02     361.2   253.0   355.0
           2.9E+01    29.1    9.5E+02     953.5   248.0   357.0
           3.7E+01    37.2    8.2E+02     823.5   247.0   359.0
           3.5E+01    34.7    6.9E+02     689.4   250.0   360.0
           4.4E+01    44.0    1.1E+03    1103.8   250.0   354.0
           4.9E+01    48.9    1.7E+03    1700.0   250.0   353.0
           2.2E+01    22.3    2.9E+02     291.8   252.0   352.0
           4.1E+01    40.9    9.7E+02     966.9   254.0   352.0
           4.2E+01    42.1    9.4E+02     938.2   255.0   350.0
           3.8E+01    38.4    1.2E+03    1186.2   255.0   348.0
           3.5E+01    34.7    3.3E+02     334.7   256.0   346.0
           3.2E+01    31.6    4.0E+02     397.6   254.0   347.0
           3.9E+01    39.0    1.1E+03    1102.7   251.0   348.0
           5.8E+01    57.6    5.5E+02     546.0   249.0   346.0
           3.5E+01    34.7    1.6E+02     164.5   248.0   348.0
           4.1E+01    40.9    8.1E+02     809.0   246.0   350.0
           6.2E+01    61.9    1.8E+03    1831.1   253.0   345.0
           3.9E+01    39.0    1.0E+03    1015.2   247.0   345.0
           4.8E+01    47.7    1.0E+03    1003.7   249.0   343.0
           3.5E+01    35.3    5.9E+02     587.8   250.0   341.0
           3.8E+01    37.8    7.0E+02     698.2   248.0   339.0
           3.0E+01    30.3    4.5E+02     453.9   248.0   336.0
           4.3E+01    43.3    7.7E+02     772.2   251.0   338.0
           4.6E+01    46.4    8.4E+02     836.6   250.0   334.0
           3.0E+01    29.7    6.6E+02     659.5   252.0   334.0
           5.1E+01    50.8    4.0E+02     397.6   248.0   331.0
           4.0E+01    40.2    9.6E+02     962.7   253.0   336.0
           3.3E+01    33.4    3.4E+02     338.5   255.0   341.0
           3.0E+01    29.7    5.9E+02     593.9   256.0   344.0
           4.3E+01    43.3    1.5E+03    1529.0   260.0   346.0
           2.7E+01    27.2    1.2E+03    1179.0   265.0   354.0
           3.2E+01    32.2    1.1E+03    1102.3   275.0   353.0
           3.4E+01    34.1    6.8E+02     683.6   272.0   349.0
           4.5E+01    45.2    1.6E+03    1583.5   268.0   347.0
           3.6E+01    35.9    1.2E+03    1174.0   271.0   347.0
           4.0E+01    39.6    1.4E+03    1400.2   273.0   344.0
           3.7E+01    37.2    1.3E+03    1282.1   275.0   344.0
           2.2E+01    22.3    2.1E+02     211.6   270.0   344.0
           4.5E+01    45.2    1.5E+03    1454.6   264.0   346.0
           3.5E+01    34.7    7.2E+02     721.9   262.0   342.0
           4.3E+01    43.3    9.4E+02     938.6   259.0   341.0
           3.8E+01    37.8    1.3E+03    1294.0   262.0   339.0
           5.3E+01    53.3    1.2E+03    1155.2   260.0   335.0
           3.7E+01    37.2    1.1E+03    1086.6   264.0   337.0
           3.3E+01    32.8    6.1E+02     613.4   263.0   333.0
           3.2E+01    32.2    2.2E+02     217.4   265.0   332.0
           4.0E+01    40.2    1.5E+03    1521.7   267.0   339.0
           2.5E+01    24.8    3.0E+02     300.6   265.0   339.0
           2.8E+01    28.5    8.4E+02     844.3   264.0   341.0
           3.2E+01    32.2    1.0E+03     998.0   271.0   336.0
           3.0E+01    29.7    1.1E+03    1074.3   270.0   331.0
           2.4E+01    23.5    3.9E+02     392.6   261.0   330.0
           2.8E+01    27.9    5.5E+02     545.6   259.0   332.0
           3.3E+01    33.4    8.4E+02     841.6   275.0   335.0
           5.3E+01    53.3    8.7E+02     868.8   257.0   361.0
           4.7E+01    47.1    9.0E+02     897.9   257.0   363.0
           3.7E+01    37.2    5.2E+02     518.0   254.0   363.0
           3.1E+01    31.0    4.6E+02     456.6   251.0   364.0
           4.5E+01    44.6    6.7E+02     669.4   251.0   366.0
           3.5E+01    35.3    1.9E+02     188.6   248.0   365.0
           3.7E+01    36.5    1.8E+02     180.2   245.0   363.0
           5.3E+01    52.6    1.1E+03    1062.8   248.0   374.0
           2.8E+01    27.9    5.7E+02     565.1   247.0   371.0
           4.6E+01    45.8    5.5E+02     549.0   246.0   379.0
           5.1E+01    51.4    8.4E+02     840.0   247.0   382.0
           4.5E+01    44.6    9.8E+02     975.8   252.0   385.0
           4.8E+01    47.7    1.6E+03    1626.4   251.0   391.0
           3.8E+01    38.4    7.1E+02     709.3   246.0   387.0
           3.2E+01    31.6    9.7E+02     972.7   257.0   329.0
           3.4E+01    34.1    1.8E+03    1751.8   261.0   329.0
           4.1E+01    41.5    1.3E+03    1336.5   263.0   326.0
           3.6E+01    35.9    5.1E+02     514.5   258.0   323.0
           3.8E+01    37.8    1.1E+02     108.5   255.0   321.0
           3.3E+01    33.4    6.0E+02     604.6   249.0   328.0
           3.3E+01    32.8    8.6E+02     858.4   247.0   328.0
           4.3E+01    42.7    7.5E+02     751.5   250.0   329.0
           2.9E+01    29.1    4.2E+02     424.0   246.0   325.0
           2.7E+01    27.2    4.4E+02     436.3   248.0   320.0
           3.4E+01    34.1    8.6E+02     860.0   248.0   319.0
           3.4E+01    34.1    5.2E+02     524.9   247.0   313.0
           4.1E+01    41.5    4.8E+02     476.2   247.0   309.0
           4.0E+01    39.6    6.0E+02     598.1   246.0   303.0
           2.7E+01    27.2    2.6E+02     258.4   248.0   304.0
           2.6E+01    26.0    3.6E+02     362.7   248.0   301.0
           1.7E+01    17.3    3.1E+02     314.8   251.0   303.0
           4.1E+01    41.5    6.0E+02     600.8   251.0   307.0
           3.3E+01    33.4    7.1E+02     714.3   252.0   309.0
           3.7E+01    36.5    5.5E+02     551.7   251.0   318.0
           2.8E+01    28.5    6.9E+02     689.4   256.0   316.0
           3.5E+01    34.7    9.2E+02     924.8   257.0   318.0
           2.7E+01    27.2    6.8E+02     683.6   259.0   317.0
           2.9E+01    29.1    1.0E+03    1005.7   257.0   315.0
           2.1E+01    21.1    6.4E+02     642.6   257.0   312.0
           2.8E+01    28.5    5.6E+02     563.2   260.0   314.0
           3.2E+01    31.6    9.9E+02     992.2   254.0   313.0
           2.8E+01    27.9    8.4E+02     843.9   254.0   310.0
           3.8E+01    37.8    7.3E+02     729.6   255.0   305.0
           2.8E+01    28.5    5.6E+02     560.9   254.0   300.0
           2.7E+01    26.6    3.7E+02     368.4   256.0   299.0
           4.0E+01    39.6    1.2E+03    1152.1   264.0   301.0
           3.7E+01    37.2    1.1E+03    1148.7   262.0   310.0
           4.7E+01    47.1    7.2E+02     721.2   264.0   309.0
           3.8E+01    38.4    1.4E+03    1396.7   266.0   313.0
           2.9E+01    29.1    1.1E+03    1122.2   268.0   309.0
           4.0E+01    40.2    1.1E+03    1124.9   269.0   298.0
           4.3E+01    43.3    4.8E+02     484.6   263.0   321.0
           3.6E+01    35.9    1.2E+03    1153.7   266.0   321.0
           3.6E+01    35.9    1.2E+03    1193.1   266.0   319.0
           3.0E+01    29.7    1.3E+03    1298.6   266.0   317.0
           4.1E+01    41.5    1.3E+03    1288.2   274.0   320.0
           3.7E+01    36.5    1.0E+03    1031.4   276.0   318.0
           3.3E+01    33.4    1.5E+03    1470.0   272.0   302.0
           2.5E+01    24.8    8.8E+02     881.4   274.0   306.0
           3.5E+01    35.3    1.5E+02     154.9   248.0   295.0
           3.0E+01    29.7    6.4E+02     644.1   250.0   297.0
           3.5E+01    35.3    6.2E+02     615.7   253.0   297.0
           4.6E+01    45.8    9.0E+02     903.7   251.0   290.0
           3.7E+01    37.2    1.4E+03    1368.0   249.0   289.0
           3.9E+01    39.0    3.6E+02     359.2   254.0   287.0
           5.5E+01    55.1    1.7E+03    1707.7   255.0   293.0
           4.7E+01    47.1    1.4E+03    1359.9   258.0   291.0
           2.4E+01    24.1    1.1E+03    1077.7   259.0   289.0
           2.8E+01    28.5    1.1E+03    1083.1   259.0   285.0
           3.5E+01    34.7    1.2E+03    1226.1   263.0   295.0
           4.0E+01    39.6    9.1E+02     905.2   262.0   290.0
           3.8E+01    37.8    1.4E+03    1354.6   268.0   292.0
           3.8E+01    37.8    1.6E+03    1575.8   266.0   287.0
           4.7E+01    47.1    8.1E+02     814.0   250.0   277.0
           3.7E+01    36.5    1.0E+03    1034.4   256.0   279.0
           3.5E+01    34.7    4.4E+02     439.4   263.0   240.0
           4.6E+01    46.4    1.6E+03    1616.4   274.0   258.0
           4.5E+01    44.6    6.4E+02     643.7   269.0   229.0
           5.3E+01    52.6    1.8E+02     176.4   256.0   225.0
           3.3E+01    32.8    1.0E+03    1037.1   273.0   216.0
           3.0E+01    30.3    1.9E+02     186.3   249.0   204.0
           3.8E+01    38.4    5.3E+02     525.3   259.0   203.0
           2.8E+01    27.9    6.0E+02     596.2   258.0   192.0
           3.3E+01    33.4    1.3E+03    1335.8   276.0   193.0
           4.6E+01    46.4    1.7E+03    1735.7   291.0   384.0
           3.4E+01    34.1    7.2E+01      71.7   278.0   342.0
           3.8E+01    38.4    2.2E+02     220.8   276.0   345.0
           5.0E+01    50.2    2.3E+02     230.0   281.0   345.0
           3.6E+01    35.9    6.8E+02     677.1   282.0   341.0
           3.7E+01    36.5    5.9E+02     592.0   278.0   330.0
           4.0E+01    40.2    6.6E+02     661.8   281.0   330.0
           4.8E+01    47.7    6.5E+02     648.7   287.0   333.0
           3.8E+01    38.4    9.4E+02     935.1   290.0   338.0
           2.5E+01    25.4    4.3E+02     425.2   284.0   343.0
           3.4E+01    34.1    6.7E+02     667.9   284.0   348.0
           3.1E+01    31.0    1.5E+03    1469.2   304.0   348.0
           4.2E+01    42.1    5.3E+02     525.3   288.0   331.0
           4.0E+01    39.6    1.2E+03    1241.5   296.0   336.0
           5.1E+01    51.4    8.9E+02     887.6   281.0   324.0
           3.6E+01    35.9    9.2E+02     923.6   282.0   320.0
           6.5E+01    65.0    2.1E+03    2079.6   285.0   321.0
           3.1E+01    31.0    3.6E+02     361.2   281.0   307.0
           3.9E+01    39.0    8.2E+02     823.9   278.0   316.0
           4.0E+01    40.2    1.3E+02     130.0   279.0   289.0
           4.2E+01    42.1    9.2E+02     920.2   285.0   297.0
           4.0E+01    39.6    5.9E+02     589.7   297.0   278.0
           4.5E+01    45.2    6.7E+02     674.4   282.0   267.0
           3.8E+01    37.8    1.0E+03    1003.4   295.0   251.0
           3.8E+01    37.8    9.1E+02     909.8   293.0   238.0
           3.0E+01    29.7    5.7E+02     569.7   254.0   378.0
           4.6E+01    46.4    9.3E+02     929.8   254.0   396.0
           3.0E+01    30.3    1.5E+02     146.1   246.0   401.0
           2.9E+01    29.1    4.6E+02     459.7   246.0   409.0
           3.3E+01    32.8    6.2E+02     616.5   256.0   403.0
           2.7E+01    26.6    8.4E+02     841.6   262.0   399.0
           4.5E+01    44.6    1.7E+03    1739.9   264.0   418.0
           4.5E+01    45.2    1.2E+03    1208.5   288.0   406.0
           4.6E+01    45.8    1.4E+03    1435.5   298.0   405.0
           3.3E+01    32.8    8.6E+02     859.2   240.0   407.0
           4.3E+01    42.7    1.7E+03    1735.7   229.0   416.0
           3.7E+01    37.2    1.2E+03    1151.4   225.0   402.0
           3.8E+01    38.4    7.3E+02     725.8   221.0   398.0
           2.4E+01    23.5    4.2E+02     418.3   217.0   396.0
           4.1E+01    41.5    7.1E+02     712.0   229.0   396.0
           3.8E+01    38.4    1.5E+03    1499.9   235.0   397.0
           2.7E+01    26.6    6.0E+02     595.8   234.0   394.0
           2.5E+01    25.4    6.6E+02     661.0   237.0   395.0
           3.2E+01    32.2    9.9E+02     987.3   241.0   400.0
           3.4E+01    34.1    4.5E+02     446.7   223.0   392.0
           2.5E+01    24.8    3.9E+02     389.5   203.0   405.0
           3.7E+01    36.5    7.5E+02     746.9   202.0   397.0
           3.4E+01    34.1    1.0E+03    1006.8   203.0   400.0
           5.7E+01    57.0    7.3E+02     733.8   199.0   392.0
           4.3E+01    42.7    9.8E+02     975.4   204.0   391.0
           3.9E+01    39.0    1.0E+03    1034.8   211.0   390.0
           4.0E+01    40.2    7.3E+02     734.6   191.0   391.0
           3.1E+01    31.0    5.2E+02     520.7   184.0   393.0
           2.3E+01    22.9    1.4E+01      14.2   157.0   400.0
           5.4E+01    53.9    1.3E+03    1283.2   156.0   403.0
           4.3E+01    43.3    1.2E+03    1155.6   177.0   393.0
           4.8E+01    48.3    1.5E+03    1495.7   176.0   397.0
           5.6E+01    56.3    1.3E+03    1320.1   324.0   313.0
           3.6E+01    35.9    5.4E+02     538.7   314.0   266.0

     Mean   37    36.8      870     869.8   249   322

     Cell Type Fluoroscein  (100)

           4.1E+01    41.5    8.5E+02     851.2   -25.0   267.0
           4.1E+01    40.9    4.8E+02     480.4   -21.0   251.0
           3.3E+01    33.4    1.1E+03    1077.7   -19.0   260.0
           3.8E+01    37.8    1.1E+03    1073.1   -11.0   252.0
           4.3E+01    43.3    1.8E+03    1829.2    -8.0   250.0
           3.8E+01    37.8    1.6E+03    1609.1    -6.0   253.0
           4.5E+01    44.6    1.4E+03    1398.7    -2.0   256.0
           4.0E+01    39.6    1.2E+03    1238.8   -14.0   247.0
           3.3E+01    33.4    7.0E+02     698.9   -17.0   238.0
           4.0E+01    39.6    1.2E+03    1179.0   -12.0   237.0
           3.8E+01    38.4    1.8E+02     178.7    12.0   256.0
           4.8E+01    48.3    9.7E+02     973.1     1.0   244.0
           3.3E+01    33.4    6.2E+02     620.7    13.0   251.0
           4.2E+01    42.1    8.4E+02     837.4     9.0   241.0
           4.3E+01    43.3    6.2E+02     617.3     4.0   237.0
           3.9E+01    39.0    1.5E+03    1529.0    28.0   241.0
           4.1E+01    41.5    1.7E+03    1694.3    25.0   261.0
           3.2E+01    31.6    1.5E+03    1513.3    28.0   264.0
           3.7E+01    37.2    1.5E+03    1450.4    25.0   258.0
           3.8E+01    38.4    6.6E+02     659.8    37.0   258.0
           4.7E+01    47.1    1.5E+03    1536.3    39.0   264.0
           4.5E+01    45.2    1.7E+03    1690.4    47.0   258.0
           4.3E+01    42.7    1.1E+03    1077.7    49.0   265.0
           4.6E+01    45.8    2.2E+03    2208.4    50.0   267.0
           4.1E+01    41.5    2.0E+03    1958.4    53.0   265.0
           3.3E+01    32.8    1.5E+03    1542.0    51.0   257.0
           3.8E+01    37.8    1.6E+03    1632.5    48.0   254.0
           4.8E+01    48.3    1.1E+03    1070.1    55.0   256.0
           4.1E+01    40.9    8.0E+02     799.0    53.0   237.0
           3.0E+01    30.3    5.9E+02     591.6    51.0   245.0
           3.9E+01    39.0    1.2E+03    1225.0    43.0   250.0
           5.0E+01    49.5    1.3E+03    1284.4    39.0   248.0
           3.8E+01    38.4    3.9E+02     394.1    34.0   250.0
           3.9E+01    39.0    1.0E+03    1017.2    30.0   255.0
           3.8E+01    38.4    6.6E+02     663.3    34.0   243.0
           3.7E+01    37.2    4.4E+01      44.1    63.0   266.0
           3.8E+01    37.8    1.9E+02     187.9    63.0   258.0
           5.0E+01    49.5    1.1E+03    1117.2    65.0   255.0
           4.3E+01    42.7    1.6E+03    1611.1    70.0   253.0
           5.0E+01    50.2    1.3E+03    1327.0    72.0   262.0
           4.5E+01    45.2    1.3E+03    1323.1    75.0   263.0
           4.4E+01    44.0    1.6E+03    1631.4    81.0   263.0
           3.7E+01    36.5    1.0E+03    1043.6    83.0   264.0
           4.0E+01    40.2    1.4E+03    1385.6    86.0   260.0
           4.0E+01    40.2    1.2E+03    1168.6    81.0   266.0
           4.5E+01    44.6    2.0E+03    1967.2    79.0   266.0
           4.5E+01    45.2    8.0E+02     799.8    71.0   239.0
           4.0E+01    39.6    5.2E+02     516.4    62.0   242.0
           4.4E+01    44.0    1.8E+03    1781.7    86.0   245.0
           2.5E+01    24.8    7.8E+02     781.0    88.0   241.0
           3.7E+01    36.5    9.9E+02     990.3    71.0   225.0
           5.4E+01    54.5    1.4E+03    1390.6    70.0   229.0
           4.5E+01    44.6    1.2E+03    1249.9    79.0   221.0
           5.7E+01    57.0    6.5E+01      64.8    83.0   233.0
           3.7E+01    36.5    2.6E+02     264.9    61.0   207.0
           4.5E+01    45.2    7.7E+02     771.0    29.0   233.0
           3.3E+01    33.4    1.1E+03    1113.0    44.0   234.0
           4.6E+01    45.8    1.2E+03    1240.7    38.0   219.0
           5.0E+01    50.2    9.6E+02     963.5    35.0   224.0
           2.2E+01    22.3    6.6E+02     664.8    50.0   209.0
           4.1E+01    40.9    6.2E+02     616.9    36.0   230.0
           4.8E+01    48.3    1.0E+03    1026.8    12.0   227.0
           4.0E+01    40.2    1.0E+03    1026.0     8.0   221.0
           5.3E+01    52.6    1.6E+03    1589.6     0.0   227.0
           5.3E+01    53.3    1.7E+03    1736.4    18.0   221.0
           5.1E+01    50.8    1.5E+03    1451.6   -19.0   229.0
           5.1E+01    51.4    1.0E+03    1044.4   -22.0   224.0
           5.1E+01    50.8    8.3E+02     831.6   -26.0   220.0
           3.9E+01    39.0    1.1E+03    1065.1   -19.0   215.0
           3.2E+01    31.6    1.0E+03    1024.5   -11.0   221.0
           3.7E+01    36.5    8.9E+02     889.5   -10.0   233.0
           3.1E+01    31.0    1.1E+03    1121.5    -5.0   229.0
           3.6E+01    35.9    5.8E+02     583.9   -21.0   205.0
           5.0E+01    49.5    1.1E+03    1085.0    83.0   195.0
           5.0E+01    50.2    1.2E+03    1161.7    71.0   201.0
           3.5E+01    35.3    4.8E+02     477.0    64.0   183.0
           3.7E+01    36.5    1.1E+03    1050.5    47.0   198.0
           3.3E+01    33.4    1.0E+03    1001.8    54.0   189.0
           3.8E+01    37.8    1.1E+03    1069.7    26.0   199.0
           4.2E+01    42.1    9.6E+02     964.6    13.0   192.0
           4.4E+01    44.0    1.3E+02     129.2    11.0   184.0
           4.1E+01    40.9    9.9E+02     986.1     1.0   191.0
           3.4E+01    34.1    3.0E+02     304.4   -20.0   194.0
           5.9E+01    58.8    1.1E+03    1106.9   -24.0   178.0
           4.8E+01    47.7    2.5E+01      24.9   -21.0   178.0
           3.7E+01    36.5    9.2E+02     922.5   -33.0   186.0
           2.9E+01    29.1    1.3E+03    1299.0    47.0   158.0
           4.1E+01    40.9    1.2E+03    1226.5    54.0   145.0
           3.3E+01    32.8    8.1E+02     813.2    78.0   165.0
           2.4E+01    23.5    5.2E+02     524.5    81.0   145.0
           2.7E+01    26.6    8.4E+02     838.1    79.0   147.0
           4.1E+01    41.5    6.3E+02     630.3    65.0   146.0
           3.0E+01    29.7    6.1E+02     607.7    73.0   145.0
           4.0E+01    39.6    1.3E+03    1262.9    85.0   149.0
           4.6E+01    45.8    1.1E+03    1114.6   232.0   288.0
           3.5E+01    35.3    6.4E+01      64.4   247.0   285.0
           2.1E+01    21.1    6.9E+02     694.3   260.0   266.0
           4.3E+01    43.3    1.0E+03    1026.0   289.0   230.0
           4.0E+01    40.2    1.0E+03    1014.9   306.0   206.0
           3.1E+01    31.0    1.0E+03    1008.7   172.0   401.0

     Mean   40    40.4     1020    1020.2    47   232
